4671
0	3	3	0	0	0
1	2	2	0	0	0
2	23	3	2	0	0
3	23	3	2	0	0
4	3	3	0	0	0
5	2	2	0	0	0
6	23	3	2	0	0
7	23	3	2	0	0
8	25	2	5	0	0
9	25	2	5	0	0
10	25	2	5	0	0
11	5	5	0	0	0
12	35	3	5	0	0
13	35	5	3	0	0
14	23	2	3	0	0
15	3	3	0	0	0
16	35	3	5	0	0
17	2	2	0	0	0
18	25	5	2	0	0
19	35	3	5	0	0
20	35	5	3	0	0
21	35	5	3	0	0
23	23	2	3	0	0
24	25	2	5	0	0
25	2	2	0	0	0
26	23	2	3	0	0
27	23	2	3	0	0
28	25	5	2	0	0
29	5	5	0	0	0
30	35	5	3	0	0
31	2	2	0	0	0
32	5	5	0	0	0
33	2	2	0	0	0
34	25	5	2	0	0
35	23	2	3	0	0
36	25	2	5	0	0
37	35	5	3	0	0
38	3	3	0	0	0
39	2	2	0	0	0
40	2	2	0	0	0
41	25	5	2	0	0
42	23	2	3	0	0
43	26	6	2	0	0
44	6	6	0	0	0
45	26	6	2	0	0
46	36	3	6	0	0
47	2	2	0	0	0
48	6	6	0	0	0
49	26	2	6	0	0
50	36	3	6	0	0
51	36	6	3	0	0
52	36	3	6	0	0
53	26	6	2	0	0
54	26	6	2	0	0
56	35	5	3	0	0
57	2	2	0	0	0
58	45	5	4	0	0
59	45	4	5	0	0
60	45	4	5	0	0
61	4	4	0	0	0
62	2	2	0	0	0
63	2	2	0	0	0
64	4	4	0	0	0
65	26	6	2	0	0
66	36	6	3	0	0
67	36	3	6	0	0
68	26	2	6	0	0
69	36	3	6	0	0
70	26	2	6	0	0
71	24	4	2	0	0
72	24	4	2	0	0
73	24	4	2	0	0
74	5	5	0	0	0
75	24	2	4	0	0
76	4	4	0	0	0
77	24	2	4	0	0
78	45	5	4	0	0
79	25	5	2	0	0
81	45	4	5	0	0
82	24	2	4	0	0
83	24	2	4	0	0
84	4	4	0	0	0
85	46	4	6	0	0
86	35	5	3	0	0
87	36	3	6	0	0
88	46	6	4	0	0
89	45	5	4	0	0
90	2	2	0	0	0
91	45	4	5	0	0
92	45	4	5	0	0
93	24	4	2	0	0
94	4	4	0	0	0
95	24	4	2	0	0
96	46	4	6	0	0
97	26	6	2	0	0
98	36	6	3	0	0
99	35	5	3	0	0
100	46	4	6	0	0
101	46	6	4	0	0
102	4	4	0	0	0
103	45	4	5	0	0
104	46	6	4	0	0
105	2	2	0	0	0
106	26	6	2	0	0
107	24	4	2	0	0
108	36	3	6	0	0
109	46	6	4	0	0
110	46	4	6	0	0
111	45	4	5	0	0
112	46	6	4	0	0
114	35	5	3	0	0
115	4	4	0	0	0
116	46	6	4	0	0
117	6	6	0	0	0
118	36	6	3	0	0
119	35	5	3	0	0
120	45	4	5	0	0
121	46	6	4	0	0
122	4	4	0	0	0
123	5	5	0	0	0
124	4	4	0	0	0
125	36	3	6	0	0
126	6	6	0	0	0
127	46	6	4	0	0
128	45	4	5	0	0
129	35	3	5	0	0
130	4	4	0	0	0
131	36	3	6	0	0
132	6	6	0	0	0
133	35	3	5	0	0
134	46	4	6	0	0
135	45	4	5	0	0
136	4	4	0	0	0
137	6	6	0	0	0
138	36	3	6	0	0
139	45	4	5	0	0
140	46	4	6	0	0
141	35	3	5	0	0
142	4	4	0	0	0
143	36	3	6	0	0
144	6	6	0	0	0
145	35	5	3	0	0
146	46	6	4	0	0
147	45	5	4	0	0
148	36	3	6	0	0
149	45	5	4	0	0
150	46	6	4	0	0
151	35	5	3	0	0
152	36	6	3	0	0
153	35	5	3	0	0
154	46	6	4	0	0
155	45	4	5	0	0
156	36	3	6	0	0
157	45	4	5	0	0
158	46	6	4	0	0
159	35	5	3	0	0
160	36	3	6	0	0
161	35	5	3	0	0
162	46	4	6	0	0
163	45	5	4	0	0
164	3	3	0	0	0
165	6	6	0	0	0
166	3	3	0	0	0
167	5	5	0	0	0
168	36	3	6	0	0
169	45	4	5	0	0
170	46	6	4	0	0
171	35	5	3	0	0
172	3	3	0	0	0
173	4	4	0	0	0
174	36	3	6	0	0
175	6	6	0	0	0
176	5	5	0	0	0
177	35	5	3	0	0
178	46	6	4	0	0
179	45	4	5	0	0
180	5	5	0	0	0
181	4	4	0	0	0
182	3	3	0	0	0
183	5	5	0	0	0
184	6	6	0	0	0
185	4	4	0	0	0
186	36	3	6	0	0
187	6	6	0	0	0
188	45	4	5	0	0
189	46	6	4	0	0
190	35	5	3	0	0
191	3	3	0	0	0
192	4	4	0	0	0
193	5	5	0	0	0
194	3	3	0	0	0
195	36	3	6	0	0
196	4	4	0	0	0
197	6	6	0	0	0
198	5	5	0	0	0
199	35	3	5	0	0
200	46	6	4	0	0
201	45	4	5	0	0
202	4	4	0	0	0
203	3	3	0	0	0
204	5	5	0	0	0
205	5	5	0	0	0
206	36	6	3	0	0
207	45	4	5	0	0
208	35	3	5	0	0
209	36	6	3	0	0
210	35	3	5	0	0
211	46	4	6	0	0
212	45	5	4	0	0
213	36	6	3	0	0
214	45	4	5	0	0
215	46	4	6	0	0
216	35	3	5	0	0
217	36	6	3	0	0
218	35	3	5	0	0
219	46	4	6	0	0
220	45	5	4	0	0
221	3	3	0	0	0
222	5	5	0	0	0
223	36	3	6	0	0
224	45	5	4	0	0
225	46	4	6	0	0
226	35	3	5	0	0
227	36	6	3	0	0
228	35	3	5	0	0
229	46	4	6	0	0
230	45	4	5	0	0
231	6	6	0	0	0
232	3	3	0	0	0
233	36	6	3	0	0
234	45	4	5	0	0
235	46	4	6	0	0
236	35	3	5	0	0
237	36	6	3	0	0
238	35	3	5	0	0
239	46	4	6	0	0
240	45	4	5	0	0
241	36	6	3	0	0
242	45	4	5	0	0
243	46	4	6	0	0
244	35	3	5	0	0
245	36	6	3	0	0
246	35	3	5	0	0
247	46	4	6	0	0
248	45	5	4	0	0
249	36	6	3	0	0
250	45	5	4	0	0
251	46	4	6	0	0
252	35	3	5	0	0
253	36	3	6	0	0
254	35	3	5	0	0
255	46	4	6	0	0
256	45	5	4	0	0
257	36	6	3	0	0
258	45	5	4	0	0
259	46	6	4	0	0
260	35	3	5	0	0
261	4	4	0	0	0
262	36	6	3	0	0
263	6	6	0	0	0
264	35	3	5	0	0
265	46	6	4	0	0
266	45	5	4	0	0
267	4	4	0	0	0
268	6	6	0	0	0
269	36	6	3	0	0
270	45	5	4	0	0
271	46	4	6	0	0
272	35	3	5	0	0
273	4	4	0	0	0
274	36	6	3	0	0
275	6	6	0	0	0
276	35	3	5	0	0
277	46	4	6	0	0
278	45	4	5	0	0
279	4	4	0	0	0
280	4	4	0	0	0
281	6	6	0	0	0
282	5	5	0	0	0
283	36	6	3	0	0
284	45	5	4	0	0
285	46	6	4	0	0
286	35	3	5	0	0
287	4	4	0	0	0
288	4	4	0	0	0
289	36	6	3	0	0
290	5	5	0	0	0
291	6	6	0	0	0
292	35	5	3	0	0
293	46	4	6	0	0
294	45	5	4	0	0
295	4	4	0	0	0
296	6	6	0	0	0
297	36	6	3	0	0
298	45	5	4	0	0
299	46	4	6	0	0
300	35	3	5	0	0
301	36	6	3	0	0
302	35	3	5	0	0
303	46	4	6	0	0
304	45	5	4	0	0
305	6	6	0	0	0
306	3	3	0	0	0
307	36	6	3	0	0
308	45	5	4	0	0
309	46	6	4	0	0
310	35	3	5	0	0
311	36	6	3	0	0
312	35	3	5	0	0
313	46	4	6	0	0
314	45	4	5	0	0
315	36	6	3	0	0
316	45	5	4	0	0
317	46	6	4	0	0
318	35	3	5	0	0
319	36	3	6	0	0
320	35	3	5	0	0
321	46	4	6	0	0
322	45	5	4	0	0
323	5	5	0	0	0
324	3	3	0	0	0
325	36	3	6	0	0
326	45	5	4	0	0
327	46	4	6	0	0
328	35	3	5	0	0
330	36	6	3	0	0
331	15	5	1	0	0
332	13	3	1	0	0
333	13	3	1	0	0
334	46	4	6	0	0
335	45	5	4	0	0
336	3	3	0	0	0
337	6	6	0	0	0
338	5	5	0	0	0
339	4	4	0	0	0
340	13	1	3	0	0
341	15	5	1	0	0
342	6	6	0	0	0
343	4	4	0	0	0
344	36	6	3	0	0
346	45	4	5	0	0
347	46	6	4	0	0
348	15	5	1	0	0
349	5	5	0	0	0
350	3	3	0	0	0
351	1	1	0	0	0
352	13	1	3	0	0
353	1	1	0	0	0
356	16	1	6	0	0
357	13	3	1	0	0
358	13	3	1	0	0
359	15	1	5	0	0
360	14	1	4	0	0
361	14	4	1	0	0
362	16	6	1	0	0
363	14	1	4	0	0
364	14	1	4	0	0
365	15	5	1	0	0
366	13	1	3	0	0
367	3	3	0	0	0
368	13	3	1	0	0
369	1	1	0	0	0
370	3	3	0	0	0
371	5	5	0	0	0
372	15	5	1	0	0
373	1	1	0	0	0
374	1	1	0	0	0
375	13	3	1	0	0
376	15	5	1	0	0
377	13	3	1	0	0
378	16	6	1	0	0
379	16	1	6	0	0
380	16	6	1	0	0
381	15	1	5	0	0
382	1	1	0	0	0
383	4	4	0	0	0
384	1	1	0	0	0
385	4	4	0	0	0
386	1	1	0	0	0
387	14	1	4	0	0
388	16	6	1	0	0
389	14	4	1	0	0
390	15	1	5	0	0
391	16	1	6	0	0
392	14	4	1	0	0
393	15	1	5	0	0
394	1	1	0	0	0
395	6	6	0	0	0
396	4	4	0	0	0
397	14	1	4	0	0
398	14	4	1	0	0
399	14	4	1	0	0
400	16	1	6	0	0
401	16	6	1	0	0
402	16	6	1	0	0
403	1	1	0	0	0
404	1	1	0	0	0
405	1	1	0	0	0
406	1	1	0	0	0
407	1	1	0	0	0
408	1	1	0	0	0
410	1	1	0	0	0
412	1	1	0	0	0
413	1	1	0	0	0
414	1	1	0	0	0
415	5	5	0	0	0
418	3	3	0	0	0
421	5	5	0	0	0
422	1	1	0	0	0
424	3	3	0	0	0
426	1	1	0	0	0
428	1	1	0	0	0
430	5	5	0	0	0
431	1	1	0	0	0
433	1	1	0	0	0
434	3	3	0	0	0
436	1	1	0	0	0
439	6	6	0	0	0
441	6	6	0	0	0
442	3	3	0	0	0
445	1	1	0	0	0
447	1	1	0	0	0
448	1	1	0	0	0
449	6	6	0	0	0
451	1	1	0	0	0
453	6	6	0	0	0
454	1	1	0	0	0
458	4	4	0	0	0
460	1	1	0	0	0
463	6	6	0	0	0
465	1	1	0	0	0
466	1	1	0	0	0
467	1	1	0	0	0
468	1	1	0	0	0
469	1	1	0	0	0
470	1	1	0	0	0
471	1	1	0	0	0
472	5	5	0	0	0
473	1	1	0	0	0
476	4	4	0	0	0
478	1	1	0	0	0
480	5	5	0	0	0
484	1	1	0	0	0
485	1	1	0	0	0
486	1	1	0	0	0
487	1	1	0	0	0
489	4	4	0	0	0
491	1	1	0	0	0
492	1	1	0	0	0
496	4	4	0	0	0
499	1	1	0	0	0
500	1	1	0	0	0
501	1	1	0	0	0
503	1	1	0	0	0
505	1	1	0	0	0
507	1	1	0	0	0
510	1	1	0	0	0
511	1	1	0	0	0
512	1	1	0	0	0
514	1	1	0	0	0
516	1	1	0	0	0
517	1	1	0	0	0
521	1	1	0	0	0
522	1	1	0	0	0
523	1	1	0	0	0
526	3	3	0	0	0
528	1	1	0	0	0
530	3	3	0	0	0
532	1	1	0	0	0
533	1	1	0	0	0
534	1	1	0	0	0
535	1	1	0	0	0
539	5	5	0	0	0
541	5	5	0	0	0
542	1	1	0	0	0
544	1	1	0	0	0
546	1	1	0	0	0
549	6	6	0	0	0
551	6	6	0	0	0
552	1	1	0	0	0
554	1	1	0	0	0
558	3	3	0	0	0
559	3	3	0	0	0
560	1	1	0	0	0
562	1	1	0	0	0
564	1	1	0	0	0
566	1	1	0	0	0
568	1	1	0	0	0
570	5	5	0	0	0
571	5	5	0	0	0
573	1	1	0	0	0
575	1	1	0	0	0
579	6	6	0	0	0
580	6	6	0	0	0
581	1	1	0	0	0
582	1	1	0	0	0
583	1	1	0	0	0
585	1	1	0	0	0
586	1	1	0	0	0
588	1	1	0	0	0
590	1	1	0	0	0
592	1	1	0	0	0
593	1	1	0	0	0
595	6	6	0	0	0
598	1	1	0	0	0
599	1	1	0	0	0
600	5	5	0	0	0
602	5	5	0	0	0
604	1	1	0	0	0
606	1	1	0	0	0
609	5	5	0	0	0
610	1	1	0	0	0
611	1	1	0	0	0
612	4	4	0	0	0
614	4	4	0	0	0
615	1	1	0	0	0
619	1	1	0	0	0
620	1	1	0	0	0
622	1	1	0	0	0
625	1	1	0	0	0
626	1	1	0	0	0
628	1	1	0	0	0
631	1	1	0	0	0
632	1	1	0	0	0
634	1	1	0	0	0
636	1	1	0	0	0
638	1	1	0	0	0
639	1	1	0	0	0
641	1	1	0	0	0
642	1	1	0	0	0
644	1	1	0	0	0
645	1	1	0	0	0
646	6	6	0	0	0
647	6	6	0	0	0
648	6	6	0	0	0
649	6	6	0	0	0
650	6	6	0	0	0
651	6	6	0	0	0
652	6	6	0	0	0
653	6	6	0	0	0
654	6	6	0	0	0
655	6	6	0	0	0
657	6	6	0	0	0
658	6	6	0	0	0
659	6	6	0	0	0
660	6	6	0	0	0
661	6	6	0	0	0
662	6	6	0	0	0
663	6	6	0	0	0
664	6	6	0	0	0
665	6	6	0	0	0
666	6	6	0	0	0
668	6	6	0	0	0
669	6	6	0	0	0
671	6	6	0	0	0
673	6	6	0	0	0
675	6	6	0	0	0
676	6	6	0	0	0
678	6	6	0	0	0
679	6	6	0	0	0
681	6	6	0	0	0
682	6	6	0	0	0
683	6	6	0	0	0
684	6	6	0	0	0
686	6	6	0	0	0
687	6	6	0	0	0
689	6	6	0	0	0
691	6	6	0	0	0
693	6	6	0	0	0
694	6	6	0	0	0
695	6	6	0	0	0
696	6	6	0	0	0
697	6	6	0	0	0
698	6	6	0	0	0
699	6	6	0	0	0
700	6	6	0	0	0
701	6	6	0	0	0
702	6	6	0	0	0
703	6	6	0	0	0
704	6	6	0	0	0
705	6	6	0	0	0
706	6	6	0	0	0
708	6	6	0	0	0
709	6	6	0	0	0
710	6	6	0	0	0
711	6	6	0	0	0
712	6	6	0	0	0
713	6	6	0	0	0
714	6	6	0	0	0
715	6	6	0	0	0
716	6	6	0	0	0
717	6	6	0	0	0
718	6	6	0	0	0
719	6	6	0	0	0
720	6	6	0	0	0
722	2	2	0	0	0
723	3	3	0	0	0
724	2	2	0	0	0
727	6	6	0	0	0
731	3	3	0	0	0
732	6	6	0	0	0
736	6	6	0	0	0
737	6	6	0	0	0
738	6	6	0	0	0
740	6	6	0	0	0
741	6	6	0	0	0
742	6	6	0	0	0
743	6	6	0	0	0
745	2	2	0	0	0
748	4	4	0	0	0
749	2	2	0	0	0
753	4	4	0	0	0
754	6	6	0	0	0
757	6	6	0	0	0
758	6	6	0	0	0
759	6	6	0	0	0
761	6	6	0	0	0
762	6	6	0	0	0
763	6	6	0	0	0
765	6	6	0	0	0
767	6	6	0	0	0
768	6	6	0	0	0
771	6	6	0	0	0
772	6	6	0	0	0
773	6	6	0	0	0
775	6	6	0	0	0
776	6	6	0	0	0
777	2	2	0	0	0
779	2	2	0	0	0
780	6	6	0	0	0
784	6	6	0	0	0
785	6	6	0	0	0
786	6	6	0	0	0
787	6	6	0	0	0
788	6	6	0	0	0
789	6	6	0	0	0
790	6	6	0	0	0
791	6	6	0	0	0
792	6	6	0	0	0
793	6	6	0	0	0
794	6	6	0	0	0
796	6	6	0	0	0
799	6	6	0	0	0
803	6	6	0	0	0
805	6	6	0	0	0
806	6	6	0	0	0
807	6	6	0	0	0
810	6	6	0	0	0
811	6	6	0	0	0
812	6	6	0	0	0
814	6	6	0	0	0
815	6	6	0	0	0
819	6	6	0	0	0
823	6	6	0	0	0
824	6	6	0	0	0
828	6	6	0	0	0
829	6	6	0	0	0
831	6	6	0	0	0
832	6	6	0	0	0
834	6	6	0	0	0
835	4	4	0	0	0
837	6	6	0	0	0
838	6	6	0	0	0
840	6	6	0	0	0
841	6	6	0	0	0
842	6	6	0	0	0
846	6	6	0	0	0
847	6	6	0	0	0
848	6	6	0	0	0
849	6	6	0	0	0
851	6	6	0	0	0
854	6	6	0	0	0
855	6	6	0	0	0
856	6	6	0	0	0
857	6	6	0	0	0
859	6	6	0	0	0
861	6	6	0	0	0
864	6	6	0	0	0
865	6	6	0	0	0
867	6	6	0	0	0
870	6	6	0	0	0
872	6	6	0	0	0
873	6	6	0	0	0
875	6	6	0	0	0
876	6	6	0	0	0
879	6	6	0	0	0
883	6	6	0	0	0
884	6	6	0	0	0
885	6	6	0	0	0
887	6	6	0	0	0
888	6	6	0	0	0
891	6	6	0	0	0
894	3	3	0	0	0
895	6	6	0	0	0
897	6	6	0	0	0
899	6	6	0	0	0
901	3	3	0	0	0
902	6	6	0	0	0
903	3	3	0	0	0
907	6	6	0	0	0
908	6	6	0	0	0
909	6	6	0	0	0
910	6	6	0	0	0
912	6	6	0	0	0
913	6	6	0	0	0
915	6	6	0	0	0
916	6	6	0	0	0
917	6	6	0	0	0
919	6	6	0	0	0
923	6	6	0	0	0
925	6	6	0	0	0
926	6	6	0	0	0
930	6	6	0	0	0
932	6	6	0	0	0
933	6	6	0	0	0
935	6	6	0	0	0
936	6	6	0	0	0
937	6	6	0	0	0
940	6	6	0	0	0
941	6	6	0	0	0
943	6	6	0	0	0
948	6	6	0	0	0
950	6	6	0	0	0
952	6	6	0	0	0
954	6	6	0	0	0
955	6	6	0	0	0
958	6	6	0	0	0
959	6	6	0	0	0
964	4	4	0	0	0
965	6	6	0	0	0
967	6	6	0	0	0
969	4	4	0	0	0
971	6	6	0	0	0
973	6	6	0	0	0
974	6	6	0	0	0
977	6	6	0	0	0
981	6	6	0	0	0
983	6	6	0	0	0
984	6	6	0	0	0
986	6	6	0	0	0
988	6	6	0	0	0
989	6	6	0	0	0
991	6	6	0	0	0
992	6	6	0	0	0
996	6	6	0	0	0
1000	6	6	0	0	0
1001	6	6	0	0	0
1005	6	6	0	0	0
1006	6	6	0	0	0
1008	2	2	0	0	0
1009	6	6	0	0	0
1011	6	6	0	0	0
1013	6	6	0	0	0
1014	2	2	0	0	0
1017	6	6	0	0	0
1019	6	6	0	0	0
1020	6	6	0	0	0
1021	6	6	0	0	0
1025	6	6	0	0	0
1026	6	6	0	0	0
1028	6	6	0	0	0
1029	6	6	0	0	0
1031	6	6	0	0	0
1032	6	6	0	0	0
1033	6	6	0	0	0
1036	6	6	0	0	0
1042	6	6	0	0	0
1044	6	6	0	0	0
1045	6	6	0	0	0
1046	6	6	0	0	0
1047	6	6	0	0	0
1050	6	6	0	0	0
1055	6	6	0	0	0
1057	6	6	0	0	0
1058	6	6	0	0	0
1059	6	6	0	0	0
1060	6	6	0	0	0
1064	6	6	0	0	0
1066	6	6	0	0	0
1067	6	6	0	0	0
1070	6	6	0	0	0
1072	6	6	0	0	0
1073	6	6	0	0	0
1077	6	6	0	0	0
1078	6	6	0	0	0
1081	6	6	0	0	0
1082	6	6	0	0	0
1083	6	6	0	0	0
1084	4	4	0	0	0
1086	6	6	0	0	0
1088	4	4	0	0	0
1090	6	6	0	0	0
1091	6	6	0	0	0
1092	6	6	0	0	0
1094	6	6	0	0	0
1095	4	4	0	0	0
1097	6	6	0	0	0
1098	6	6	0	0	0
1100	6	6	0	0	0
1101	6	6	0	0	0
1103	6	6	0	0	0
1106	6	6	0	0	0
1108	6	6	0	0	0
1111	6	6	0	0	0
1113	6	6	0	0	0
1114	3	3	0	0	0
1115	6	6	0	0	0
1117	3	3	0	0	0
1118	6	6	0	0	0
1120	6	6	0	0	0
1122	6	6	0	0	0
1126	6	6	0	0	0
1131	6	6	0	0	0
1133	6	6	0	0	0
1136	6	6	0	0	0
1138	6	6	0	0	0
1141	4	4	0	0	0
1142	6	6	0	0	0
1147	6	6	0	0	0
1149	6	6	0	0	0
1152	6	6	0	0	0
1153	6	6	0	0	0
1154	6	6	0	0	0
1155	6	6	0	0	0
1156	6	6	0	0	0
1158	6	6	0	0	0
1162	4	4	0	0	0
1163	6	6	0	0	0
1164	6	6	0	0	0
1166	6	6	0	0	0
1167	6	6	0	0	0
1169	6	6	0	0	0
1173	4	4	0	0	0
1175	6	6	0	0	0
1176	6	6	0	0	0
1179	6	6	0	0	0
1180	6	6	0	0	0
1182	6	6	0	0	0
1184	6	6	0	0	0
1189	6	6	0	0	0
1190	6	6	0	0	0
1194	6	6	0	0	0
1198	6	6	0	0	0
1200	6	6	0	0	0
1202	6	6	0	0	0
1205	6	6	0	0	0
1207	6	6	0	0	0
1209	6	6	0	0	0
1210	6	6	0	0	0
1212	6	6	0	0	0
1214	6	6	0	0	0
1215	3	3	0	0	0
1216	3	3	0	0	0
1218	6	6	0	0	0
1220	6	6	0	0	0
1221	6	6	0	0	0
1223	6	6	0	0	0
1225	3	3	0	0	0
1226	3	3	0	0	0
1228	6	6	0	0	0
1229	6	6	0	0	0
1231	6	6	0	0	0
1233	6	6	0	0	0
1234	6	6	0	0	0
1235	6	6	0	0	0
1238	6	6	0	0	0
1240	6	6	0	0	0
1241	6	6	0	0	0
1244	6	6	0	0	0
1247	6	6	0	0	0
1250	6	6	0	0	0
1251	6	6	0	0	0
1253	6	6	0	0	0
1254	6	6	0	0	0
1256	6	6	0	0	0
1258	6	6	0	0	0
1259	6	6	0	0	0
1260	6	6	0	0	0
1262	6	6	0	0	0
1267	3	3	0	0	0
1268	6	6	0	0	0
1269	6	6	0	0	0
1272	6	6	0	0	0
1275	6	6	0	0	0
1276	6	6	0	0	0
1281	6	6	0	0	0
1285	6	6	0	0	0
1289	6	6	0	0	0
1290	6	6	0	0	0
1298	6	6	0	0	0
1302	6	6	0	0	0
1304	6	6	0	0	0
1307	6	6	0	0	0
1309	4	4	0	0	0
1310	6	6	0	0	0
1313	4	4	0	0	0
1316	6	6	0	0	0
1317	6	6	0	0	0
1319	6	6	0	0	0
1320	6	6	0	0	0
1324	4	4	0	0	0
1325	6	6	0	0	0
1327	6	6	0	0	0
1331	6	6	0	0	0
1332	6	6	0	0	0
1334	4	4	0	0	0
1335	4	4	0	0	0
1339	6	6	0	0	0
1341	6	6	0	0	0
1343	6	6	0	0	0
1344	6	6	0	0	0
1347	3	3	0	0	0
1348	6	6	0	0	0
1350	6	6	0	0	0
1351	6	6	0	0	0
1354	6	6	0	0	0
1356	6	6	0	0	0
1358	6	6	0	0	0
1360	6	6	0	0	0
1364	6	6	0	0	0
1365	6	6	0	0	0
1366	6	6	0	0	0
1368	6	6	0	0	0
1370	6	6	0	0	0
1372	6	6	0	0	0
1374	6	6	0	0	0
1376	6	6	0	0	0
1377	6	6	0	0	0
1379	6	6	0	0	0
1380	6	6	0	0	0
1385	6	6	0	0	0
1388	6	6	0	0	0
1390	6	6	0	0	0
1391	6	6	0	0	0
1393	6	6	0	0	0
1397	6	6	0	0	0
1399	6	6	0	0	0
1403	6	6	0	0	0
1405	6	6	0	0	0
1406	6	6	0	0	0
1408	3	3	0	0	0
1411	6	6	0	0	0
1412	6	6	0	0	0
1413	6	6	0	0	0
1418	6	6	0	0	0
1419	6	6	0	0	0
1422	4	4	0	0	0
1425	6	6	0	0	0
1428	6	6	0	0	0
1431	6	6	0	0	0
1436	6	6	0	0	0
1438	6	6	0	0	0
1444	6	6	0	0	0
1445	6	6	0	0	0
1451	6	6	0	0	0
1452	6	6	0	0	0
1454	6	6	0	0	0
1457	3	3	0	0	0
1459	6	6	0	0	0
1462	6	6	0	0	0
1464	6	6	0	0	0
1466	6	6	0	0	0
1467	6	6	0	0	0
1469	6	6	0	0	0
1471	6	6	0	0	0
1472	6	6	0	0	0
1474	3	3	0	0	0
1475	6	6	0	0	0
1479	3	3	0	0	0
1480	6	6	0	0	0
1482	6	6	0	0	0
1483	6	6	0	0	0
1485	4	4	0	0	0
1487	6	6	0	0	0
1490	4	4	0	0	0
1491	6	6	0	0	0
1492	6	6	0	0	0
1497	6	6	0	0	0
1498	6	6	0	0	0
1500	4	4	0	0	0
1503	4	4	0	0	0
1504	6	6	0	0	0
1508	6	6	0	0	0
1509	6	6	0	0	0
1511	6	6	0	0	0
1512	6	6	0	0	0
1518	6	6	0	0	0
1519	6	6	0	0	0
1522	6	6	0	0	0
1523	6	6	0	0	0
1525	6	6	0	0	0
1526	6	6	0	0	0
1528	6	6	0	0	0
1530	6	6	0	0	0
1533	3	3	0	0	0
1534	6	6	0	0	0
1536	6	6	0	0	0
1537	3	3	0	0	0
1539	6	6	0	0	0
1543	3	3	0	0	0
1545	6	6	0	0	0
1549	6	6	0	0	0
1551	6	6	0	0	0
1557	6	6	0	0	0
1558	6	6	0	0	0
1564	6	6	0	0	0
1565	6	6	0	0	0
1567	6	6	0	0	0
1568	6	6	0	0	0
1573	6	6	0	0	0
1577	6	6	0	0	0
1579	6	6	0	0	0
1582	6	6	0	0	0
1588	6	6	0	0	0
1590	6	6	0	0	0
1593	3	3	0	0	0
1596	6	6	0	0	0
1597	6	6	0	0	0
1601	3	3	0	0	0
1602	6	6	0	0	0
1605	6	6	0	0	0
1606	6	6	0	0	0
1610	6	6	0	0	0
1612	6	6	0	0	0
1613	6	6	0	0	0
1616	6	6	0	0	0
1618	6	6	0	0	0
1619	6	6	0	0	0
1620	6	6	0	0	0
1622	6	6	0	0	0
1625	6	6	0	0	0
1626	6	6	0	0	0
1628	6	6	0	0	0
1630	6	6	0	0	0
1634	6	6	0	0	0
1637	6	6	0	0	0
1639	6	6	0	0	0
1642	3	3	0	0	0
1644	6	6	0	0	0
1647	6	6	0	0	0
1648	6	6	0	0	0
1650	3	3	0	0	0
1653	3	3	0	0	0
1654	6	6	0	0	0
1656	6	6	0	0	0
1660	6	6	0	0	0
1663	6	6	0	0	0
1665	6	6	0	0	0
1668	6	6	0	0	0
1672	6	6	0	0	0
1674	6	6	0	0	0
1677	6	6	0	0	0
1678	6	6	0	0	0
1680	6	6	0	0	0
1683	6	6	0	0	0
1685	6	6	0	0	0
1687	6	6	0	0	0
1691	6	6	0	0	0
1695	6	6	0	0	0
1696	6	6	0	0	0
1698	6	6	0	0	0
1703	6	6	0	0	0
1705	6	6	0	0	0
1707	6	6	0	0	0
1711	6	6	0	0	0
1713	6	6	0	0	0
1716	6	6	0	0	0
1720	6	6	0	0	0
1722	6	6	0	0	0
1723	6	6	0	0	0
1725	6	6	0	0	0
1730	6	6	0	0	0
1732	6	6	0	0	0
1734	4	4	0	0	0
1735	6	6	0	0	0
1739	6	6	0	0	0
1740	4	4	0	0	0
1742	6	6	0	0	0
1744	6	6	0	0	0
1747	6	6	0	0	0
1748	6	6	0	0	0
1752	6	6	0	0	0
1753	6	6	0	0	0
1755	6	6	0	0	0
1756	6	6	0	0	0
1761	6	6	0	0	0
1762	6	6	0	0	0
1764	3	3	0	0	0
1766	3	3	0	0	0
1768	6	6	0	0	0
1770	6	6	0	0	0
1772	6	6	0	0	0
1775	3	3	0	0	0
1778	6	6	0	0	0
1783	6	6	0	0	0
1785	6	6	0	0	0
1786	6	6	0	0	0
1787	6	6	0	0	0
1788	6	6	0	0	0
1790	6	6	0	0	0
1794	6	6	0	0	0
1796	6	6	0	0	0
1799	6	6	0	0	0
1801	6	6	0	0	0
1802	6	6	0	0	0
1803	6	6	0	0	0
1804	6	6	0	0	0
1805	6	6	0	0	0
1806	6	6	0	0	0
1807	6	6	0	0	0
1808	4	4	0	0	0
1810	4	4	0	0	0
1811	6	6	0	0	0
1813	6	6	0	0	0
1814	6	6	0	0	0
1815	6	6	0	0	0
1816	6	6	0	0	0
1817	6	6	0	0	0
1818	6	6	0	0	0
1820	4	4	0	0	0
1822	6	6	0	0	0
1824	6	6	0	0	0
1825	6	6	0	0	0
1829	6	6	0	0	0
1831	6	6	0	0	0
1834	6	6	0	0	0
1835	6	6	0	0	0
1837	6	6	0	0	0
1838	6	6	0	0	0
1841	6	6	0	0	0
1846	6	6	0	0	0
1848	6	6	0	0	0
1850	6	6	0	0	0
1851	6	6	0	0	0
1856	6	6	0	0	0
1857	6	6	0	0	0
1858	6	6	0	0	0
1868	6	6	0	0	0
1870	6	6	0	0	0
1876	6	6	0	0	0
1878	6	6	0	0	0
1883	6	6	0	0	0
1886	6	6	0	0	0
1890	6	6	0	0	0
1893	6	6	0	0	0
1895	6	6	0	0	0
1898	6	6	0	0	0
1902	6	6	0	0	0
1905	6	6	0	0	0
1906	6	6	0	0	0
1910	6	6	0	0	0
1914	6	6	0	0	0
1916	6	6	0	0	0
1917	6	6	0	0	0
1923	6	6	0	0	0
1928	6	6	0	0	0
1931	6	6	0	0	0
1932	6	6	0	0	0
1937	6	6	0	0	0
1938	6	6	0	0	0
1942	6	6	0	0	0
1943	3	3	0	0	0
1945	6	6	0	0	0
1947	3	3	0	0	0
1948	3	3	0	0	0
1952	6	6	0	0	0
1953	6	6	0	0	0
1956	6	6	0	0	0
1960	6	6	0	0	0
1961	6	6	0	0	0
1965	6	6	0	0	0
1966	3	3	0	0	0
1968	6	6	0	0	0
1971	6	6	0	0	0
1977	6	6	0	0	0
1979	6	6	0	0	0
1984	6	6	0	0	0
1986	6	6	0	0	0
1988	6	6	0	0	0
1992	6	6	0	0	0
1994	6	6	0	0	0
1998	6	6	0	0	0
2000	6	6	0	0	0
2004	6	6	0	0	0
2007	6	6	0	0	0
2009	6	6	0	0	0
2011	6	6	0	0	0
2012	6	6	0	0	0
2013	4	4	0	0	0
2014	6	6	0	0	0
2016	6	6	0	0	0
2017	4	4	0	0	0
2019	6	6	0	0	0
2021	6	6	0	0	0
2022	6	6	0	0	0
2025	6	6	0	0	0
2026	3	3	0	0	0
2027	3	3	0	0	0
2030	6	6	0	0	0
2031	6	6	0	0	0
2032	3	3	0	0	0
2033	3	3	0	0	0
2036	6	6	0	0	0
2039	6	6	0	0	0
2041	6	6	0	0	0
2043	6	6	0	0	0
2044	6	6	0	0	0
2046	6	6	0	0	0
2047	4	4	0	0	0
2048	6	6	0	0	0
2050	4	4	0	0	0
2051	6	6	0	0	0
2052	6	6	0	0	0
2056	6	6	0	0	0
2060	6	6	0	0	0
2061	6	6	0	0	0
2063	6	6	0	0	0
2067	6	6	0	0	0
2069	6	6	0	0	0
2071	6	6	0	0	0
2074	6	6	0	0	0
2078	6	6	0	0	0
2080	6	6	0	0	0
2081	4	4	0	0	0
2083	6	6	0	0	0
2085	6	6	0	0	0
2087	4	4	0	0	0
2089	6	6	0	0	0
2090	6	6	0	0	0
2092	3	3	0	0	0
2093	3	3	0	0	0
2096	6	6	0	0	0
2098	6	6	0	0	0
2099	6	6	0	0	0
2103	6	6	0	0	0
2104	3	3	0	0	0
2106	6	6	0	0	0
2108	6	6	0	0	0
2109	6	6	0	0	0
2112	6	6	0	0	0
2114	6	6	0	0	0
2118	6	6	0	0	0
2120	6	6	0	0	0
2124	6	6	0	0	0
2126	6	6	0	0	0
2129	6	6	0	0	0
2133	6	6	0	0	0
2136	6	6	0	0	0
2140	6	6	0	0	0
2143	6	6	0	0	0
2148	6	6	0	0	0
2151	6	6	0	0	0
2152	6	6	0	0	0
2156	6	6	0	0	0
2157	6	6	0	0	0
2160	3	3	0	0	0
2163	6	6	0	0	0
2164	3	3	0	0	0
2165	3	3	0	0	0
2167	6	6	0	0	0
2168	6	6	0	0	0
2171	6	6	0	0	0
2173	3	3	0	0	0
2175	6	6	0	0	0
2179	6	6	0	0	0
2181	6	6	0	0	0
2183	6	6	0	0	0
2185	6	6	0	0	0
2187	6	6	0	0	0
2192	6	6	0	0	0
2194	6	6	0	0	0
2198	6	6	0	0	0
2200	6	6	0	0	0
2204	6	6	0	0	0
2206	6	6	0	0	0
2209	6	6	0	0	0
2214	6	6	0	0	0
2215	6	6	0	0	0
2217	6	6	0	0	0
2221	6	6	0	0	0
2223	6	6	0	0	0
2224	6	6	0	0	0
2225	6	6	0	0	0
2227	6	6	0	0	0
2228	6	6	0	0	0
2233	6	6	0	0	0
2234	6	6	0	0	0
2237	6	6	0	0	0
2239	6	6	0	0	0
2241	6	6	0	0	0
2242	6	6	0	0	0
2245	6	6	0	0	0
2247	6	6	0	0	0
2250	6	6	0	0	0
2255	6	6	0	0	0
2256	6	6	0	0	0
2260	6	6	0	0	0
2262	6	6	0	0	0
2268	6	6	0	0	0
2272	6	6	0	0	0
2273	6	6	0	0	0
2277	6	6	0	0	0
2279	6	6	0	0	0
2280	6	6	0	0	0
2282	6	6	0	0	0
2286	6	6	0	0	0
2288	6	6	0	0	0
2291	6	6	0	0	0
2295	6	6	0	0	0
2298	6	6	0	0	0
2303	6	6	0	0	0
2304	6	6	0	0	0
2307	6	6	0	0	0
2309	6	6	0	0	0
2313	6	6	0	0	0
2314	6	6	0	0	0
2316	6	6	0	0	0
2318	6	6	0	0	0
2323	6	6	0	0	0
2327	6	6	0	0	0
2332	6	6	0	0	0
2333	6	6	0	0	0
2338	6	6	0	0	0
2339	6	6	0	0	0
2342	6	6	0	0	0
2344	6	6	0	0	0
2345	6	6	0	0	0
2347	6	6	0	0	0
2349	6	6	0	0	0
2350	6	6	0	0	0
2352	6	6	0	0	0
2355	6	6	0	0	0
2359	6	6	0	0	0
2360	6	6	0	0	0
2363	6	6	0	0	0
2365	3	3	0	0	0
2366	3	3	0	0	0
2367	3	3	0	0	0
2368	3	3	0	0	0
2369	3	3	0	0	0
2370	3	3	0	0	0
2371	3	3	0	0	0
2372	3	3	0	0	0
2373	3	3	0	0	0
2374	3	3	0	0	0
2375	3	3	0	0	0
2377	3	3	0	0	0
2378	3	3	0	0	0
2379	3	3	0	0	0
2380	3	3	0	0	0
2381	3	3	0	0	0
2382	3	3	0	0	0
2383	3	3	0	0	0
2385	3	3	0	0	0
2386	3	3	0	0	0
2388	3	3	0	0	0
2389	3	3	0	0	0
2391	3	3	0	0	0
2393	3	3	0	0	0
2394	3	3	0	0	0
2396	3	3	0	0	0
2397	3	3	0	0	0
2398	3	3	0	0	0
2399	3	3	0	0	0
2401	3	3	0	0	0
2402	3	3	0	0	0
2404	3	3	0	0	0
2405	3	3	0	0	0
2407	3	3	0	0	0
2408	3	3	0	0	0
2409	3	3	0	0	0
2411	3	3	0	0	0
2413	3	3	0	0	0
2414	3	3	0	0	0
2417	3	3	0	0	0
2418	3	3	0	0	0
2419	3	3	0	0	0
2420	3	3	0	0	0
2421	3	3	0	0	0
2422	3	3	0	0	0
2423	3	3	0	0	0
2424	3	3	0	0	0
2426	3	3	0	0	0
2428	3	3	0	0	0
2429	3	3	0	0	0
2430	3	3	0	0	0
2431	3	3	0	0	0
2432	3	3	0	0	0
2434	3	3	0	0	0
2435	3	3	0	0	0
2436	3	3	0	0	0
2437	3	3	0	0	0
2438	3	3	0	0	0
2439	3	3	0	0	0
2440	3	3	0	0	0
2441	3	3	0	0	0
2442	3	3	0	0	0
2443	3	3	0	0	0
2444	3	3	0	0	0
2445	3	3	0	0	0
2446	5	5	0	0	0
2447	2	2	0	0	0
2451	3	3	0	0	0
2453	5	5	0	0	0
2456	3	3	0	0	0
2457	2	2	0	0	0
2464	3	3	0	0	0
2465	3	3	0	0	0
2466	5	5	0	0	0
2467	5	5	0	0	0
2468	3	3	0	0	0
2470	3	3	0	0	0
2471	3	3	0	0	0
2472	3	3	0	0	0
2473	3	3	0	0	0
2474	3	3	0	0	0
2476	3	3	0	0	0
2477	3	3	0	0	0
2478	3	3	0	0	0
2480	3	3	0	0	0
2482	3	3	0	0	0
2483	2	2	0	0	0
2485	3	3	0	0	0
2487	2	2	0	0	0
2488	3	3	0	0	0
2491	3	3	0	0	0
2492	3	3	0	0	0
2495	3	3	0	0	0
2496	3	3	0	0	0
2497	3	3	0	0	0
2498	3	3	0	0	0
2499	3	3	0	0	0
2500	3	3	0	0	0
2501	3	3	0	0	0
2502	3	3	0	0	0
2506	3	3	0	0	0
2508	3	3	0	0	0
2510	3	3	0	0	0
2512	3	3	0	0	0
2517	3	3	0	0	0
2520	3	3	0	0	0
2522	3	3	0	0	0
2523	3	3	0	0	0
2524	3	3	0	0	0
2526	3	3	0	0	0
2527	3	3	0	0	0
2531	3	3	0	0	0
2535	5	5	0	0	0
2539	3	3	0	0	0
2543	3	3	0	0	0
2544	3	3	0	0	0
2545	3	3	0	0	0
2547	3	3	0	0	0
2548	3	3	0	0	0
2550	3	3	0	0	0
2551	3	3	0	0	0
2552	3	3	0	0	0
2555	3	3	0	0	0
2556	3	3	0	0	0
2557	3	3	0	0	0
2559	3	3	0	0	0
2560	3	3	0	0	0
2561	3	3	0	0	0
2564	3	3	0	0	0
2566	3	3	0	0	0
2567	3	3	0	0	0
2568	3	3	0	0	0
2569	3	3	0	0	0
2571	3	3	0	0	0
2572	3	3	0	0	0
2573	3	3	0	0	0
2578	3	3	0	0	0
2582	3	3	0	0	0
2583	3	3	0	0	0
2585	3	3	0	0	0
2588	3	3	0	0	0
2590	3	3	0	0	0
2591	3	3	0	0	0
2593	5	5	0	0	0
2595	3	3	0	0	0
2598	3	3	0	0	0
2600	3	3	0	0	0
2604	3	3	0	0	0
2605	3	3	0	0	0
2606	3	3	0	0	0
2609	3	3	0	0	0
2613	3	3	0	0	0
2614	3	3	0	0	0
2615	3	3	0	0	0
2617	3	3	0	0	0
2620	3	3	0	0	0
2622	3	3	0	0	0
2623	3	3	0	0	0
2624	3	3	0	0	0
2625	3	3	0	0	0
2627	3	3	0	0	0
2629	5	5	0	0	0
2632	3	3	0	0	0
2634	3	3	0	0	0
2635	3	3	0	0	0
2636	3	3	0	0	0
2637	3	3	0	0	0
2640	3	3	0	0	0
2641	3	3	0	0	0
2643	3	3	0	0	0
2645	3	3	0	0	0
2646	3	3	0	0	0
2647	3	3	0	0	0
2651	3	3	0	0	0
2653	3	3	0	0	0
2657	3	3	0	0	0
2659	3	3	0	0	0
2660	3	3	0	0	0
2662	3	3	0	0	0
2663	3	3	0	0	0
2665	3	3	0	0	0
2667	3	3	0	0	0
2668	3	3	0	0	0
2670	3	3	0	0	0
2671	3	3	0	0	0
2674	3	3	0	0	0
2675	3	3	0	0	0
2677	3	3	0	0	0
2682	3	3	0	0	0
2683	3	3	0	0	0
2685	3	3	0	0	0
2688	3	3	0	0	0
2691	3	3	0	0	0
2692	3	3	0	0	0
2696	3	3	0	0	0
2697	3	3	0	0	0
2698	3	3	0	0	0
2699	3	3	0	0	0
2702	3	3	0	0	0
2704	3	3	0	0	0
2705	3	3	0	0	0
2706	3	3	0	0	0
2708	3	3	0	0	0
2712	3	3	0	0	0
2714	3	3	0	0	0
2715	3	3	0	0	0
2717	3	3	0	0	0
2720	3	3	0	0	0
2722	3	3	0	0	0
2725	3	3	0	0	0
2727	3	3	0	0	0
2728	3	3	0	0	0
2732	3	3	0	0	0
2733	2	2	0	0	0
2734	2	2	0	0	0
2736	3	3	0	0	0
2737	3	3	0	0	0
2738	3	3	0	0	0
2740	3	3	0	0	0
2741	3	3	0	0	0
2743	3	3	0	0	0
2746	3	3	0	0	0
2750	3	3	0	0	0
2751	3	3	0	0	0
2753	3	3	0	0	0
2754	3	3	0	0	0
2755	3	3	0	0	0
2757	3	3	0	0	0
2759	3	3	0	0	0
2760	3	3	0	0	0
2764	3	3	0	0	0
2768	3	3	0	0	0
2769	3	3	0	0	0
2770	3	3	0	0	0
2771	3	3	0	0	0
2772	3	3	0	0	0
2773	3	3	0	0	0
2774	3	3	0	0	0
2775	3	3	0	0	0
2777	3	3	0	0	0
2778	3	3	0	0	0
2782	3	3	0	0	0
2783	3	3	0	0	0
2785	3	3	0	0	0
2786	3	3	0	0	0
2787	3	3	0	0	0
2790	3	3	0	0	0
2792	6	6	0	0	0
2794	6	6	0	0	0
2796	3	3	0	0	0
2797	3	3	0	0	0
2799	3	3	0	0	0
2800	3	3	0	0	0
2802	3	3	0	0	0
2805	3	3	0	0	0
2807	3	3	0	0	0
2808	3	3	0	0	0
2811	3	3	0	0	0
2813	5	5	0	0	0
2815	5	5	0	0	0
2816	3	3	0	0	0
2817	3	3	0	0	0
2819	3	3	0	0	0
2820	3	3	0	0	0
2822	3	3	0	0	0
2826	3	3	0	0	0
2833	5	5	0	0	0
2835	3	3	0	0	0
2837	3	3	0	0	0
2838	3	3	0	0	0
2841	3	3	0	0	0
2842	3	3	0	0	0
2844	3	3	0	0	0
2845	3	3	0	0	0
2847	3	3	0	0	0
2853	6	6	0	0	0
2854	3	3	0	0	0
2856	3	3	0	0	0
2857	3	3	0	0	0
2858	3	3	0	0	0
2860	3	3	0	0	0
2862	3	3	0	0	0
2864	3	3	0	0	0
2865	3	3	0	0	0
2866	3	3	0	0	0
2868	3	3	0	0	0
2872	3	3	0	0	0
2874	3	3	0	0	0
2877	3	3	0	0	0
2880	3	3	0	0	0
2881	3	3	0	0	0
2884	3	3	0	0	0
2886	3	3	0	0	0
2888	3	3	0	0	0
2890	3	3	0	0	0
2892	3	3	0	0	0
2894	3	3	0	0	0
2896	5	5	0	0	0
2897	5	5	0	0	0
2899	3	3	0	0	0
2901	3	3	0	0	0
2902	3	3	0	0	0
2904	3	3	0	0	0
2907	3	3	0	0	0
2908	3	3	0	0	0
2909	3	3	0	0	0
2913	3	3	0	0	0
2916	3	3	0	0	0
2918	3	3	0	0	0
2921	3	3	0	0	0
2923	3	3	0	0	0
2925	3	3	0	0	0
2926	3	3	0	0	0
2928	3	3	0	0	0
2930	3	3	0	0	0
2932	3	3	0	0	0
2933	3	3	0	0	0
2938	3	3	0	0	0
2939	3	3	0	0	0
2940	5	5	0	0	0
2941	3	3	0	0	0
2943	5	5	0	0	0
2948	3	3	0	0	0
2949	3	3	0	0	0
2952	3	3	0	0	0
2953	3	3	0	0	0
2957	3	3	0	0	0
2958	6	6	0	0	0
2961	6	6	0	0	0
2966	3	3	0	0	0
2970	3	3	0	0	0
2972	3	3	0	0	0
2973	3	3	0	0	0
2974	3	3	0	0	0
2978	3	3	0	0	0
2979	3	3	0	0	0
2981	3	3	0	0	0
2983	3	3	0	0	0
2985	5	5	0	0	0
2986	3	3	0	0	0
2987	3	3	0	0	0
2990	3	3	0	0	0
2991	5	5	0	0	0
2993	3	3	0	0	0
2994	3	3	0	0	0
2995	3	3	0	0	0
2997	3	3	0	0	0
3001	3	3	0	0	0
3002	3	3	0	0	0
3003	3	3	0	0	0
3005	3	3	0	0	0
3006	3	3	0	0	0
3007	3	3	0	0	0
3010	3	3	0	0	0
3011	3	3	0	0	0
3013	3	3	0	0	0
3015	3	3	0	0	0
3021	3	3	0	0	0
3022	3	3	0	0	0
3023	5	5	0	0	0
3025	5	5	0	0	0
3026	3	3	0	0	0
3028	3	3	0	0	0
3030	3	3	0	0	0
3031	3	3	0	0	0
3035	3	3	0	0	0
3036	3	3	0	0	0
3041	3	3	0	0	0
3043	3	3	0	0	0
3044	3	3	0	0	0
3046	3	3	0	0	0
3047	3	3	0	0	0
3052	3	3	0	0	0
3055	3	3	0	0	0
3059	3	3	0	0	0
3060	3	3	0	0	0
3062	3	3	0	0	0
3064	5	5	0	0	0
3067	3	3	0	0	0
3068	3	3	0	0	0
3070	5	5	0	0	0
3073	3	3	0	0	0
3075	3	3	0	0	0
3077	3	3	0	0	0
3081	3	3	0	0	0
3083	3	3	0	0	0
3085	3	3	0	0	0
3089	5	5	0	0	0
3090	5	5	0	0	0
3091	3	3	0	0	0
3093	3	3	0	0	0
3095	3	3	0	0	0
3096	3	3	0	0	0
3098	3	3	0	0	0
3099	3	3	0	0	0
3106	3	3	0	0	0
3107	3	3	0	0	0
3109	3	3	0	0	0
3111	3	3	0	0	0
3115	3	3	0	0	0
3116	3	3	0	0	0
3117	3	3	0	0	0
3118	3	3	0	0	0
3119	3	3	0	0	0
3121	3	3	0	0	0
3123	5	5	0	0	0
3125	3	3	0	0	0
3127	3	3	0	0	0
3129	5	5	0	0	0
3131	3	3	0	0	0
3132	3	3	0	0	0
3134	3	3	0	0	0
3138	3	3	0	0	0
3139	5	5	0	0	0
3140	3	3	0	0	0
3142	5	5	0	0	0
3146	3	3	0	0	0
3147	3	3	0	0	0
3149	3	3	0	0	0
3151	3	3	0	0	0
3155	3	3	0	0	0
3159	3	3	0	0	0
3161	3	3	0	0	0
3164	3	3	0	0	0
3166	3	3	0	0	0
3170	3	3	0	0	0
3172	3	3	0	0	0
3174	5	5	0	0	0
3175	3	3	0	0	0
3178	5	5	0	0	0
3181	3	3	0	0	0
3183	3	3	0	0	0
3184	5	5	0	0	0
3186	3	3	0	0	0
3188	3	3	0	0	0
3190	5	5	0	0	0
3192	3	3	0	0	0
3196	3	3	0	0	0
3198	3	3	0	0	0
3199	3	3	0	0	0
3202	3	3	0	0	0
3203	3	3	0	0	0
3207	3	3	0	0	0
3208	3	3	0	0	0
3210	3	3	0	0	0
3212	3	3	0	0	0
3216	3	3	0	0	0
3218	5	5	0	0	0
3220	5	5	0	0	0
3222	3	3	0	0	0
3224	3	3	0	0	0
3226	3	3	0	0	0
3229	3	3	0	0	0
3231	3	3	0	0	0
3233	5	5	0	0	0
3235	3	3	0	0	0
3237	3	3	0	0	0
3239	5	5	0	0	0
3242	3	3	0	0	0
3244	3	3	0	0	0
3248	3	3	0	0	0
3250	3	3	0	0	0
3251	3	3	0	0	0
3254	3	3	0	0	0
3256	3	3	0	0	0
3258	3	3	0	0	0
3262	3	3	0	0	0
3263	3	3	0	0	0
3265	3	3	0	0	0
3268	3	3	0	0	0
3270	3	3	0	0	0
3272	3	3	0	0	0
3274	3	3	0	0	0
3278	3	3	0	0	0
3280	3	3	0	0	0
3284	3	3	0	0	0
3289	3	3	0	0	0
3291	3	3	0	0	0
3292	3	3	0	0	0
3294	3	3	0	0	0
3298	3	3	0	0	0
3302	3	3	0	0	0
3303	3	3	0	0	0
3305	3	3	0	0	0
3306	3	3	0	0	0
3311	3	3	0	0	0
3312	5	5	0	0	0
3314	3	3	0	0	0
3317	5	5	0	0	0
3320	3	3	0	0	0
3321	3	3	0	0	0
3324	3	3	0	0	0
3326	3	3	0	0	0
3330	3	3	0	0	0
3334	3	3	0	0	0
3335	3	3	0	0	0
3337	3	3	0	0	0
3338	3	3	0	0	0
3340	5	5	0	0	0
3342	3	3	0	0	0
3344	5	5	0	0	0
3350	3	3	0	0	0
3352	3	3	0	0	0
3353	3	3	0	0	0
3354	3	3	0	0	0
3355	3	3	0	0	0
3356	3	3	0	0	0
3360	3	3	0	0	0
3362	3	3	0	0	0
3364	3	3	0	0	0
3365	3	3	0	0	0
3369	3	3	0	0	0
3370	3	3	0	0	0
3371	3	3	0	0	0
3373	3	3	0	0	0
3375	3	3	0	0	0
3377	3	3	0	0	0
3379	3	3	0	0	0
3384	3	3	0	0	0
3386	3	3	0	0	0
3388	3	3	0	0	0
3389	3	3	0	0	0
3395	3	3	0	0	0
3396	3	3	0	0	0
3397	3	3	0	0	0
3398	3	3	0	0	0
3402	3	3	0	0	0
3404	3	3	0	0	0
3409	3	3	0	0	0
3410	3	3	0	0	0
3413	3	3	0	0	0
3418	3	3	0	0	0
3421	3	3	0	0	0
3423	3	3	0	0	0
3425	3	3	0	0	0
3429	3	3	0	0	0
3432	3	3	0	0	0
3434	3	3	0	0	0
3437	3	3	0	0	0
3441	3	3	0	0	0
3444	3	3	0	0	0
3445	3	3	0	0	0
3450	3	3	0	0	0
3451	3	3	0	0	0
3453	3	3	0	0	0
3457	3	3	0	0	0
3459	3	3	0	0	0
3463	3	3	0	0	0
3465	3	3	0	0	0
3466	3	3	0	0	0
3471	3	3	0	0	0
3472	3	3	0	0	0
3474	5	5	0	0	0
3476	3	3	0	0	0
3478	5	5	0	0	0
3480	3	3	0	0	0
3483	3	3	0	0	0
3489	3	3	0	0	0
3491	3	3	0	0	0
3492	3	3	0	0	0
3493	3	3	0	0	0
3496	3	3	0	0	0
3498	5	5	0	0	0
3499	5	5	0	0	0
3501	3	3	0	0	0
3505	3	3	0	0	0
3508	3	3	0	0	0
3512	3	3	0	0	0
3518	3	3	0	0	0
3520	3	3	0	0	0
3526	3	3	0	0	0
3528	3	3	0	0	0
3529	3	3	0	0	0
3533	3	3	0	0	0
3535	3	3	0	0	0
3537	3	3	0	0	0
3539	3	3	0	0	0
3541	3	3	0	0	0
3542	3	3	0	0	0
3546	3	3	0	0	0
3549	3	3	0	0	0
3552	3	3	0	0	0
3554	6	6	0	0	0
3556	3	3	0	0	0
3557	3	3	0	0	0
3558	5	5	0	0	0
3560	5	5	0	0	0
3561	3	3	0	0	0
3565	3	3	0	0	0
3568	3	3	0	0	0
3570	3	3	0	0	0
3571	3	3	0	0	0
3572	3	3	0	0	0
3573	3	3	0	0	0
3576	3	3	0	0	0
3578	3	3	0	0	0
3580	3	3	0	0	0
3582	3	3	0	0	0
3586	3	3	0	0	0
3589	3	3	0	0	0
3594	3	3	0	0	0
3596	5	5	0	0	0
3597	3	3	0	0	0
3598	3	3	0	0	0
3599	3	3	0	0	0
3602	5	5	0	0	0
3605	3	3	0	0	0
3606	3	3	0	0	0
3608	3	3	0	0	0
3609	3	3	0	0	0
3611	5	5	0	0	0
3613	3	3	0	0	0
3615	5	5	0	0	0
3617	3	3	0	0	0
3619	3	3	0	0	0
3620	3	3	0	0	0
3621	3	3	0	0	0
3623	3	3	0	0	0
3624	3	3	0	0	0
3626	5	5	0	0	0
3628	3	3	0	0	0
3630	5	5	0	0	0
3632	3	3	0	0	0
3635	3	3	0	0	0
3637	3	3	0	0	0
3641	3	3	0	0	0
3643	3	3	0	0	0
3645	3	3	0	0	0
3646	3	3	0	0	0
3649	3	3	0	0	0
3653	3	3	0	0	0
3657	3	3	0	0	0
3659	3	3	0	0	0
3662	3	3	0	0	0
3666	3	3	0	0	0
3667	3	3	0	0	0
3668	3	3	0	0	0
3672	3	3	0	0	0
3674	3	3	0	0	0
3675	3	3	0	0	0
3679	3	3	0	0	0
3681	3	3	0	0	0
3683	3	3	0	0	0
3684	3	3	0	0	0
3685	3	3	0	0	0
3687	5	5	0	0	0
3690	3	3	0	0	0
3692	5	5	0	0	0
3693	3	3	0	0	0
3694	3	3	0	0	0
3698	5	5	0	0	0
3700	3	3	0	0	0
3701	3	3	0	0	0
3705	3	3	0	0	0
3707	3	3	0	0	0
3709	3	3	0	0	0
3714	3	3	0	0	0
3716	3	3	0	0	0
3718	3	3	0	0	0
3721	3	3	0	0	0
3725	3	3	0	0	0
3728	3	3	0	0	0
3730	3	3	0	0	0
3734	3	3	0	0	0
3735	3	3	0	0	0
3736	3	3	0	0	0
3740	3	3	0	0	0
3743	3	3	0	0	0
3744	3	3	0	0	0
3745	3	3	0	0	0
3748	3	3	0	0	0
3751	3	3	0	0	0
3757	3	3	0	0	0
3759	3	3	0	0	0
3761	3	3	0	0	0
3764	3	3	0	0	0
3766	3	3	0	0	0
3768	3	3	0	0	0
3771	3	3	0	0	0
3773	3	3	0	0	0
3777	3	3	0	0	0
3779	3	3	0	0	0
3780	3	3	0	0	0
3783	3	3	0	0	0
3787	3	3	0	0	0
3791	3	3	0	0	0
3792	3	3	0	0	0
3794	3	3	0	0	0
3797	3	3	0	0	0
3802	3	3	0	0	0
3803	3	3	0	0	0
3808	3	3	0	0	0
3813	3	3	0	0	0
3815	3	3	0	0	0
3817	3	3	0	0	0
3819	3	3	0	0	0
3825	3	3	0	0	0
3827	3	3	0	0	0
3828	3	3	0	0	0
3830	3	3	0	0	0
3831	3	3	0	0	0
3834	3	3	0	0	0
3836	3	3	0	0	0
3840	3	3	0	0	0
3844	3	3	0	0	0
3849	3	3	0	0	0
3850	3	3	0	0	0
3854	3	3	0	0	0
3856	3	3	0	0	0
3858	3	3	0	0	0
3860	3	3	0	0	0
3861	3	3	0	0	0
3864	3	3	0	0	0
3866	3	3	0	0	0
3867	3	3	0	0	0
3869	3	3	0	0	0
3870	3	3	0	0	0
3873	3	3	0	0	0
3876	3	3	0	0	0
3880	3	3	0	0	0
3881	3	3	0	0	0
3884	3	3	0	0	0
3886	3	3	0	0	0
3889	5	5	0	0	0
3890	5	5	0	0	0
3891	5	5	0	0	0
3892	5	5	0	0	0
3893	5	5	0	0	0
3894	5	5	0	0	0
3895	5	5	0	0	0
3896	5	5	0	0	0
3897	5	5	0	0	0
3898	5	5	0	0	0
3899	5	5	0	0	0
3901	5	5	0	0	0
3902	5	5	0	0	0
3903	5	5	0	0	0
3904	5	5	0	0	0
3905	5	5	0	0	0
3907	5	5	0	0	0
3908	5	5	0	0	0
3910	5	5	0	0	0
3912	5	5	0	0	0
3913	5	5	0	0	0
3915	5	5	0	0	0
3916	5	5	0	0	0
3917	5	5	0	0	0
3919	5	5	0	0	0
3921	5	5	0	0	0
3923	5	5	0	0	0
3925	5	5	0	0	0
3926	5	5	0	0	0
3927	5	5	0	0	0
3928	5	5	0	0	0
3929	5	5	0	0	0
3931	5	5	0	0	0
3932	5	5	0	0	0
3933	5	5	0	0	0
3934	5	5	0	0	0
3936	5	5	0	0	0
3937	5	5	0	0	0
3939	5	5	0	0	0
3940	5	5	0	0	0
3942	5	5	0	0	0
3945	5	5	0	0	0
3946	5	5	0	0	0
3949	5	5	0	0	0
3950	5	5	0	0	0
3951	5	5	0	0	0
3955	5	5	0	0	0
3956	5	5	0	0	0
3957	5	5	0	0	0
3958	5	5	0	0	0
3959	5	5	0	0	0
3960	5	5	0	0	0
3961	5	5	0	0	0
3962	5	5	0	0	0
3963	5	5	0	0	0
3964	5	5	0	0	0
3965	5	5	0	0	0
3966	5	5	0	0	0
3967	5	5	0	0	0
3968	5	5	0	0	0
3969	5	5	0	0	0
3970	5	5	0	0	0
3971	5	5	0	0	0
3972	5	5	0	0	0
3974	5	5	0	0	0
3976	5	5	0	0	0
3978	5	5	0	0	0
3979	4	4	0	0	0
3981	5	5	0	0	0
3982	5	5	0	0	0
3983	2	2	0	0	0
3984	5	5	0	0	0
3989	4	4	0	0	0
3992	2	2	0	0	0
3993	5	5	0	0	0
3994	5	5	0	0	0
3995	5	5	0	0	0
3996	5	5	0	0	0
3998	5	5	0	0	0
4000	5	5	0	0	0
4001	5	5	0	0	0
4002	5	5	0	0	0
4004	5	5	0	0	0
4005	5	5	0	0	0
4008	5	5	0	0	0
4009	5	5	0	0	0
4010	5	5	0	0	0
4013	5	5	0	0	0
4016	2	2	0	0	0
4017	5	5	0	0	0
4018	5	5	0	0	0
4020	5	5	0	0	0
4021	5	5	0	0	0
4025	5	5	0	0	0
4026	5	5	0	0	0
4030	5	5	0	0	0
4031	5	5	0	0	0
4032	5	5	0	0	0
4034	5	5	0	0	0
4035	4	4	0	0	0
4036	4	4	0	0	0
4037	5	5	0	0	0
4038	5	5	0	0	0
4040	4	4	0	0	0
4042	5	5	0	0	0
4044	5	5	0	0	0
4045	5	5	0	0	0
4047	5	5	0	0	0
4049	5	5	0	0	0
4051	5	5	0	0	0
4052	5	5	0	0	0
4053	5	5	0	0	0
4054	5	5	0	0	0
4055	5	5	0	0	0
4059	5	5	0	0	0
4060	5	5	0	0	0
4061	5	5	0	0	0
4062	5	5	0	0	0
4064	5	5	0	0	0
4065	5	5	0	0	0
4066	5	5	0	0	0
4069	5	5	0	0	0
4071	5	5	0	0	0
4072	5	5	0	0	0
4075	5	5	0	0	0
4076	5	5	0	0	0
4078	5	5	0	0	0
4081	5	5	0	0	0
4083	5	5	0	0	0
4084	5	5	0	0	0
4087	5	5	0	0	0
4089	5	5	0	0	0
4090	5	5	0	0	0
4092	5	5	0	0	0
4093	5	5	0	0	0
4094	5	5	0	0	0
4095	5	5	0	0	0
4096	5	5	0	0	0
4098	5	5	0	0	0
4099	5	5	0	0	0
4101	5	5	0	0	0
4102	5	5	0	0	0
4103	5	5	0	0	0
4104	5	5	0	0	0
4106	5	5	0	0	0
4107	5	5	0	0	0
4108	5	5	0	0	0
4110	5	5	0	0	0
4112	5	5	0	0	0
4113	5	5	0	0	0
4114	5	5	0	0	0
4115	5	5	0	0	0
4117	5	5	0	0	0
4118	5	5	0	0	0
4119	5	5	0	0	0
4120	5	5	0	0	0
4121	5	5	0	0	0
4125	5	5	0	0	0
4126	5	5	0	0	0
4128	5	5	0	0	0
4129	5	5	0	0	0
4131	5	5	0	0	0
4135	5	5	0	0	0
4139	5	5	0	0	0
4141	5	5	0	0	0
4145	5	5	0	0	0
4147	5	5	0	0	0
4149	5	5	0	0	0
4150	5	5	0	0	0
4151	5	5	0	0	0
4153	5	5	0	0	0
4155	5	5	0	0	0
4159	5	5	0	0	0
4161	5	5	0	0	0
4163	5	5	0	0	0
4165	5	5	0	0	0
4167	5	5	0	0	0
4168	5	5	0	0	0
4169	5	5	0	0	0
4171	5	5	0	0	0
4174	5	5	0	0	0
4176	5	5	0	0	0
4180	4	4	0	0	0
4181	5	5	0	0	0
4182	5	5	0	0	0
4185	5	5	0	0	0
4187	5	5	0	0	0
4190	5	5	0	0	0
4192	4	4	0	0	0
4193	5	5	0	0	0
4195	5	5	0	0	0
4196	5	5	0	0	0
4199	4	4	0	0	0
4201	5	5	0	0	0
4202	5	5	0	0	0
4204	5	5	0	0	0
4206	5	5	0	0	0
4207	5	5	0	0	0
4209	5	5	0	0	0
4212	5	5	0	0	0
4213	5	5	0	0	0
4217	5	5	0	0	0
4218	5	5	0	0	0
4220	5	5	0	0	0
4224	5	5	0	0	0
4228	5	5	0	0	0
4229	5	5	0	0	0
4231	5	5	0	0	0
4233	5	5	0	0	0
4237	5	5	0	0	0
4239	5	5	0	0	0
4240	5	5	0	0	0
4241	5	5	0	0	0
4245	5	5	0	0	0
4248	5	5	0	0	0
4250	5	5	0	0	0
4251	5	5	0	0	0
4253	5	5	0	0	0
4255	5	5	0	0	0
4257	5	5	0	0	0
4261	5	5	0	0	0
4264	5	5	0	0	0
4269	5	5	0	0	0
4272	5	5	0	0	0
4274	5	5	0	0	0
4275	5	5	0	0	0
4276	5	5	0	0	0
4278	5	5	0	0	0
4279	5	5	0	0	0
4281	5	5	0	0	0
4284	5	5	0	0	0
4285	5	5	0	0	0
4286	4	4	0	0	0
4287	5	5	0	0	0
4289	5	5	0	0	0
4290	4	4	0	0	0
4292	5	5	0	0	0
4294	5	5	0	0	0
4296	5	5	0	0	0
4297	5	5	0	0	0
4299	5	5	0	0	0
4300	5	5	0	0	0
4301	5	5	0	0	0
4302	5	5	0	0	0
4303	5	5	0	0	0
4305	5	5	0	0	0
4306	2	2	0	0	0
4309	5	5	0	0	0
4311	5	5	0	0	0
4313	5	5	0	0	0
4315	5	5	0	0	0
4316	5	5	0	0	0
4317	5	5	0	0	0
4321	5	5	0	0	0
4323	5	5	0	0	0
4327	5	5	0	0	0
4330	5	5	0	0	0
4331	5	5	0	0	0
4333	5	5	0	0	0
4334	5	5	0	0	0
4335	5	5	0	0	0
4337	5	5	0	0	0
4338	4	4	0	0	0
4342	5	5	0	0	0
4345	4	4	0	0	0
4346	5	5	0	0	0
4350	5	5	0	0	0
4351	5	5	0	0	0
4352	4	4	0	0	0
4353	4	4	0	0	0
4355	5	5	0	0	0
4357	5	5	0	0	0
4359	5	5	0	0	0
4360	5	5	0	0	0
4363	5	5	0	0	0
4366	4	4	0	0	0
4367	5	5	0	0	0
4368	5	5	0	0	0
4373	5	5	0	0	0
4376	5	5	0	0	0
4377	5	5	0	0	0
4379	5	5	0	0	0
4380	5	5	0	0	0
4381	5	5	0	0	0
4383	5	5	0	0	0
4384	5	5	0	0	0
4386	5	5	0	0	0
4389	5	5	0	0	0
4391	5	5	0	0	0
4394	5	5	0	0	0
4398	5	5	0	0	0
4399	5	5	0	0	0
4402	5	5	0	0	0
4405	5	5	0	0	0
4407	5	5	0	0	0
4408	5	5	0	0	0
4412	5	5	0	0	0
4413	3	3	0	0	0
4415	3	3	0	0	0
4418	5	5	0	0	0
4421	5	5	0	0	0
4422	5	5	0	0	0
4424	5	5	0	0	0
4425	5	5	0	0	0
4428	5	5	0	0	0
4431	5	5	0	0	0
4433	5	5	0	0	0
4435	5	5	0	0	0
4437	5	5	0	0	0
4439	5	5	0	0	0
4441	5	5	0	0	0
4444	5	5	0	0	0
4445	5	5	0	0	0
4448	5	5	0	0	0
4450	4	4	0	0	0
4452	4	4	0	0	0
4453	5	5	0	0	0
4456	5	5	0	0	0
4460	5	5	0	0	0
4463	5	5	0	0	0
4467	5	5	0	0	0
4470	5	5	0	0	0
4473	5	5	0	0	0
4474	5	5	0	0	0
4477	5	5	0	0	0
4478	5	5	0	0	0
4479	5	5	0	0	0
4482	5	5	0	0	0
4485	4	4	0	0	0
4486	5	5	0	0	0
4488	5	5	0	0	0
4490	5	5	0	0	0
4492	5	5	0	0	0
4498	5	5	0	0	0
4499	5	5	0	0	0
4501	5	5	0	0	0
4502	5	5	0	0	0
4505	4	4	0	0	0
4506	4	4	0	0	0
4508	4	4	0	0	0
4511	5	5	0	0	0
4512	5	5	0	0	0
4514	5	5	0	0	0
4518	5	5	0	0	0
4519	5	5	0	0	0
4522	5	5	0	0	0
4524	5	5	0	0	0
4527	5	5	0	0	0
4528	5	5	0	0	0
4530	5	5	0	0	0
4534	5	5	0	0	0
4536	5	5	0	0	0
4537	5	5	0	0	0
4542	5	5	0	0	0
4543	5	5	0	0	0
4548	5	5	0	0	0
4550	5	5	0	0	0
4551	5	5	0	0	0
4553	5	5	0	0	0
4558	5	5	0	0	0
4560	5	5	0	0	0
4562	5	5	0	0	0
4564	5	5	0	0	0
4568	5	5	0	0	0
4572	5	5	0	0	0
4574	5	5	0	0	0
4577	5	5	0	0	0
4579	5	5	0	0	0
4580	5	5	0	0	0
4581	5	5	0	0	0
4584	5	5	0	0	0
4585	5	5	0	0	0
4587	5	5	0	0	0
4590	5	5	0	0	0
4594	5	5	0	0	0
4595	5	5	0	0	0
4599	5	5	0	0	0
4600	4	4	0	0	0
4602	5	5	0	0	0
4603	5	5	0	0	0
4605	5	5	0	0	0
4606	5	5	0	0	0
4608	5	5	0	0	0
4613	5	5	0	0	0
4615	5	5	0	0	0
4619	5	5	0	0	0
4620	5	5	0	0	0
4622	5	5	0	0	0
4624	5	5	0	0	0
4629	5	5	0	0	0
4631	5	5	0	0	0
4635	5	5	0	0	0
4638	5	5	0	0	0
4639	5	5	0	0	0
4642	5	5	0	0	0
4644	5	5	0	0	0
4647	5	5	0	0	0
4649	5	5	0	0	0
4652	5	5	0	0	0
4654	5	5	0	0	0
4655	5	5	0	0	0
4658	5	5	0	0	0
4660	5	5	0	0	0
4665	5	5	0	0	0
4667	5	5	0	0	0
4669	5	5	0	0	0
4673	5	5	0	0	0
4675	5	5	0	0	0
4676	5	5	0	0	0
4681	5	5	0	0	0
4683	5	5	0	0	0
4687	5	5	0	0	0
4689	5	5	0	0	0
4690	5	5	0	0	0
4692	5	5	0	0	0
4693	5	5	0	0	0
4694	5	5	0	0	0
4697	5	5	0	0	0
4699	5	5	0	0	0
4700	5	5	0	0	0
4704	5	5	0	0	0
4706	5	5	0	0	0
4709	5	5	0	0	0
4711	5	5	0	0	0
4716	5	5	0	0	0
4718	5	5	0	0	0
4720	5	5	0	0	0
4721	5	5	0	0	0
4726	5	5	0	0	0
4729	5	5	0	0	0
4731	5	5	0	0	0
4735	5	5	0	0	0
4737	5	5	0	0	0
4738	5	5	0	0	0
4741	5	5	0	0	0
4743	5	5	0	0	0
4746	5	5	0	0	0
4747	5	5	0	0	0
4751	5	5	0	0	0
4753	5	5	0	0	0
4757	5	5	0	0	0
4762	5	5	0	0	0
4764	5	5	0	0	0
4766	5	5	0	0	0
4770	5	5	0	0	0
4771	5	5	0	0	0
4773	5	5	0	0	0
4775	5	5	0	0	0
4779	5	5	0	0	0
4781	5	5	0	0	0
4785	5	5	0	0	0
4787	5	5	0	0	0
4792	5	5	0	0	0
4793	5	5	0	0	0
4795	5	5	0	0	0
4797	5	5	0	0	0
4798	5	5	0	0	0
4802	5	5	0	0	0
4806	5	5	0	0	0
4807	5	5	0	0	0
4809	5	5	0	0	0
4812	5	5	0	0	0
4814	5	5	0	0	0
4816	5	5	0	0	0
4821	5	5	0	0	0
4823	5	5	0	0	0
4828	5	5	0	0	0
4830	5	5	0	0	0
4832	5	5	0	0	0
4836	5	5	0	0	0
4838	5	5	0	0	0
4839	5	5	0	0	0
4841	5	5	0	0	0
4843	5	5	0	0	0
4847	5	5	0	0	0
4849	4	4	0	0	0
4850	5	5	0	0	0
4851	5	5	0	0	0
4852	5	5	0	0	0
4854	4	4	0	0	0
4856	5	5	0	0	0
4857	5	5	0	0	0
4858	5	5	0	0	0
4860	5	5	0	0	0
4861	5	5	0	0	0
4862	5	5	0	0	0
4863	5	5	0	0	0
4864	5	5	0	0	0
4866	5	5	0	0	0
4867	5	5	0	0	0
4868	4	4	0	0	0
4869	5	5	0	0	0
4870	5	5	0	0	0
4872	5	5	0	0	0
4873	4	4	0	0	0
4875	5	5	0	0	0
4877	5	5	0	0	0
4878	5	5	0	0	0
4883	5	5	0	0	0
4884	5	5	0	0	0
4885	5	5	0	0	0
4887	5	5	0	0	0
4890	5	5	0	0	0
4892	5	5	0	0	0
4894	5	5	0	0	0
4896	5	5	0	0	0
4898	5	5	0	0	0
4899	5	5	0	0	0
4904	5	5	0	0	0
4906	5	5	0	0	0
4908	5	5	0	0	0
4909	5	5	0	0	0
4911	4	4	0	0	0
4914	5	5	0	0	0
4915	4	4	0	0	0
4918	5	5	0	0	0
4919	5	5	0	0	0
4923	5	5	0	0	0
4925	5	5	0	0	0
4930	5	5	0	0	0
4935	5	5	0	0	0
4938	5	5	0	0	0
4939	5	5	0	0	0
4941	5	5	0	0	0
4943	5	5	0	0	0
4944	5	5	0	0	0
4948	5	5	0	0	0
4949	4	4	0	0	0
4951	5	5	0	0	0
4955	5	5	0	0	0
4957	5	5	0	0	0
4959	5	5	0	0	0
4965	5	5	0	0	0
4966	5	5	0	0	0
4968	5	5	0	0	0
4972	5	5	0	0	0
4974	5	5	0	0	0
4978	5	5	0	0	0
4980	5	5	0	0	0
4982	5	5	0	0	0
4985	5	5	0	0	0
4987	5	5	0	0	0
4991	5	5	0	0	0
4993	5	5	0	0	0
4997	5	5	0	0	0
5001	5	5	0	0	0
5003	5	5	0	0	0
5005	5	5	0	0	0
5009	5	5	0	0	0
5011	5	5	0	0	0
5016	5	5	0	0	0
5019	5	5	0	0	0
5024	5	5	0	0	0
5026	5	5	0	0	0
5031	5	5	0	0	0
5033	5	5	0	0	0
5035	5	5	0	0	0
5038	5	5	0	0	0
5040	5	5	0	0	0
5041	5	5	0	0	0
5042	4	4	0	0	0
5043	5	5	0	0	0
5044	4	4	0	0	0
5047	5	5	0	0	0
5050	5	5	0	0	0
5052	5	5	0	0	0
5054	5	5	0	0	0
5058	5	5	0	0	0
5060	5	5	0	0	0
5063	5	5	0	0	0
5064	5	5	0	0	0
5066	5	5	0	0	0
5067	5	5	0	0	0
5068	5	5	0	0	0
5071	4	4	0	0	0
5073	5	5	0	0	0
5075	5	5	0	0	0
5078	5	5	0	0	0
5082	5	5	0	0	0
5084	5	5	0	0	0
5085	5	5	0	0	0
5086	4	4	0	0	0
5087	4	4	0	0	0
5089	5	5	0	0	0
5091	5	5	0	0	0
5095	5	5	0	0	0
5097	5	5	0	0	0
5100	5	5	0	0	0
5104	5	5	0	0	0
5105	5	5	0	0	0
5107	5	5	0	0	0
5108	5	5	0	0	0
5114	5	5	0	0	0
5116	5	5	0	0	0
5118	5	5	0	0	0
5120	5	5	0	0	0
5121	5	5	0	0	0
5122	5	5	0	0	0
5127	5	5	0	0	0
5129	5	5	0	0	0
5131	5	5	0	0	0
5133	5	5	0	0	0
5136	5	5	0	0	0
5138	5	5	0	0	0
5140	5	5	0	0	0
5145	5	5	0	0	0
5147	5	5	0	0	0
5149	5	5	0	0	0
5153	5	5	0	0	0
5154	5	5	0	0	0
5155	5	5	0	0	0
5156	5	5	0	0	0
5161	5	5	0	0	0
5163	5	5	0	0	0
5165	5	5	0	0	0
5168	5	5	0	0	0
5170	4	4	0	0	0
5171	5	5	0	0	0
5172	5	5	0	0	0
5176	4	4	0	0	0
5177	5	5	0	0	0
5179	5	5	0	0	0
5183	5	5	0	0	0
5185	5	5	0	0	0
5189	5	5	0	0	0
5191	5	5	0	0	0
5193	5	5	0	0	0
5197	5	5	0	0	0
5199	5	5	0	0	0
5203	5	5	0	0	0
5205	5	5	0	0	0
5206	5	5	0	0	0
5210	5	5	0	0	0
5213	5	5	0	0	0
5214	5	5	0	0	0
5219	5	5	0	0	0
5223	5	5	0	0	0
5225	5	5	0	0	0
5226	5	5	0	0	0
5227	5	5	0	0	0
5229	5	5	0	0	0
5230	5	5	0	0	0
5235	5	5	0	0	0
5238	5	5	0	0	0
5239	5	5	0	0	0
5241	5	5	0	0	0
5246	5	5	0	0	0
5250	5	5	0	0	0
5252	5	5	0	0	0
5254	5	5	0	0	0
5256	5	5	0	0	0
5259	5	5	0	0	0
5261	5	5	0	0	0
5263	5	5	0	0	0
5265	5	5	0	0	0
5270	5	5	0	0	0
5272	5	5	0	0	0
5273	5	5	0	0	0
5277	5	5	0	0	0
5278	5	5	0	0	0
5280	5	5	0	0	0
5281	5	5	0	0	0
5283	5	5	0	0	0
5287	5	5	0	0	0
5288	5	5	0	0	0
5290	5	5	0	0	0
5292	5	5	0	0	0
5294	5	5	0	0	0
5296	5	5	0	0	0
5297	5	5	0	0	0
5304	5	5	0	0	0
5307	5	5	0	0	0
5309	5	5	0	0	0
5311	5	5	0	0	0
5317	5	5	0	0	0
5318	5	5	0	0	0
5320	5	5	0	0	0
5322	5	5	0	0	0
5325	5	5	0	0	0
5330	5	5	0	0	0
5334	5	5	0	0	0
5337	5	5	0	0	0
5342	5	5	0	0	0
5344	5	5	0	0	0
5349	5	5	0	0	0
5351	5	5	0	0	0
5355	5	5	0	0	0
5357	5	5	0	0	0
5358	5	5	0	0	0
5359	5	5	0	0	0
5361	5	5	0	0	0
5363	5	5	0	0	0
5370	5	5	0	0	0
5372	5	5	0	0	0
5373	5	5	0	0	0
5375	5	5	0	0	0
5380	5	5	0	0	0
5381	5	5	0	0	0
5385	5	5	0	0	0
5387	5	5	0	0	0
5389	5	5	0	0	0
5393	5	5	0	0	0
5395	5	5	0	0	0
5397	4	4	0	0	0
5398	4	4	0	0	0
5399	4	4	0	0	0
5400	4	4	0	0	0
5401	4	4	0	0	0
5402	4	4	0	0	0
5403	4	4	0	0	0
5404	4	4	0	0	0
5405	4	4	0	0	0
5406	4	4	0	0	0
5407	4	4	0	0	0
5409	4	4	0	0	0
5410	4	4	0	0	0
5411	4	4	0	0	0
5412	4	4	0	0	0
5413	4	4	0	0	0
5415	4	4	0	0	0
5417	4	4	0	0	0
5418	4	4	0	0	0
5419	4	4	0	0	0
5422	4	4	0	0	0
5423	4	4	0	0	0
5424	4	4	0	0	0
5426	4	4	0	0	0
5430	4	4	0	0	0
5432	4	4	0	0	0
5433	4	4	0	0	0
5434	4	4	0	0	0
5435	4	4	0	0	0
5436	4	4	0	0	0
5437	4	4	0	0	0
5438	4	4	0	0	0
5440	4	4	0	0	0
5441	4	4	0	0	0
5442	4	4	0	0	0
5443	4	4	0	0	0
5445	4	4	0	0	0
5446	4	4	0	0	0
5448	4	4	0	0	0
5449	4	4	0	0	0
5451	4	4	0	0	0
5454	4	4	0	0	0
5455	4	4	0	0	0
5458	4	4	0	0	0
5459	4	4	0	0	0
5460	4	4	0	0	0
5463	4	4	0	0	0
5464	4	4	0	0	0
5465	4	4	0	0	0
5466	4	4	0	0	0
5467	4	4	0	0	0
5468	4	4	0	0	0
5469	4	4	0	0	0
5470	4	4	0	0	0
5472	4	4	0	0	0
5473	4	4	0	0	0
5474	4	4	0	0	0
5475	4	4	0	0	0
5476	4	4	0	0	0
5477	4	4	0	0	0
5478	4	4	0	0	0
5479	4	4	0	0	0
5480	4	4	0	0	0
5483	4	4	0	0	0
5484	4	4	0	0	0
5485	4	4	0	0	0
5486	4	4	0	0	0
5487	4	4	0	0	0
5489	4	4	0	0	0
5492	4	4	0	0	0
5493	4	4	0	0	0
5494	4	4	0	0	0
5496	4	4	0	0	0
5497	4	4	0	0	0
5499	4	4	0	0	0
5500	4	4	0	0	0
5501	4	4	0	0	0
5502	4	4	0	0	0
5503	4	4	0	0	0
5505	2	2	0	0	0
5507	2	2	0	0	0
5510	4	4	0	0	0
5511	4	4	0	0	0
5512	4	4	0	0	0
5513	4	4	0	0	0
5514	4	4	0	0	0
5518	4	4	0	0	0
5523	4	4	0	0	0
5524	4	4	0	0	0
5525	4	4	0	0	0
5529	4	4	0	0	0
5531	4	4	0	0	0
5534	4	4	0	0	0
5535	4	4	0	0	0
5537	4	4	0	0	0
5538	4	4	0	0	0
5539	4	4	0	0	0
5540	4	4	0	0	0
5541	4	4	0	0	0
5542	4	4	0	0	0
5543	4	4	0	0	0
5546	4	4	0	0	0
5547	4	4	0	0	0
5548	4	4	0	0	0
5550	4	4	0	0	0
5551	4	4	0	0	0
5552	4	4	0	0	0
5555	4	4	0	0	0
5557	4	4	0	0	0
5558	4	4	0	0	0
5561	4	4	0	0	0
5565	4	4	0	0	0
5566	4	4	0	0	0
5568	4	4	0	0	0
5569	4	4	0	0	0
5573	4	4	0	0	0
5575	4	4	0	0	0
5576	4	4	0	0	0
5577	4	4	0	0	0
5578	4	4	0	0	0
5580	4	4	0	0	0
5581	4	4	0	0	0
5582	4	4	0	0	0
5583	4	4	0	0	0
5584	4	4	0	0	0
5585	4	4	0	0	0
5586	4	4	0	0	0
5588	4	4	0	0	0
5589	4	4	0	0	0
5590	4	4	0	0	0
5592	4	4	0	0	0
5594	4	4	0	0	0
5595	4	4	0	0	0
5596	4	4	0	0	0
5598	4	4	0	0	0
5599	4	4	0	0	0
5601	4	4	0	0	0
5602	4	4	0	0	0
5604	4	4	0	0	0
5606	4	4	0	0	0
5609	4	4	0	0	0
5610	4	4	0	0	0
5613	4	4	0	0	0
5617	4	4	0	0	0
5618	4	4	0	0	0
5620	4	4	0	0	0
5623	4	4	0	0	0
5628	4	4	0	0	0
5630	4	4	0	0	0
5632	4	4	0	0	0
5633	4	4	0	0	0
5634	4	4	0	0	0
5636	4	4	0	0	0
5639	4	4	0	0	0
5640	4	4	0	0	0
5642	4	4	0	0	0
5643	4	4	0	0	0
5646	4	4	0	0	0
5647	4	4	0	0	0
5648	4	4	0	0	0
5650	4	4	0	0	0
5652	4	4	0	0	0
5655	4	4	0	0	0
5657	4	4	0	0	0
5662	4	4	0	0	0
5663	4	4	0	0	0
5665	4	4	0	0	0
5666	4	4	0	0	0
5669	4	4	0	0	0
5670	4	4	0	0	0
5673	4	4	0	0	0
5674	4	4	0	0	0
5678	4	4	0	0	0
5682	4	4	0	0	0
5683	4	4	0	0	0
5685	4	4	0	0	0
5689	4	4	0	0	0
5692	4	4	0	0	0
5694	4	4	0	0	0
5695	4	4	0	0	0
5698	4	4	0	0	0
5703	4	4	0	0	0
5704	4	4	0	0	0
5706	4	4	0	0	0
5707	4	4	0	0	0
5709	4	4	0	0	0
5711	4	4	0	0	0
5713	4	4	0	0	0
5714	4	4	0	0	0
5716	4	4	0	0	0
5718	4	4	0	0	0
5719	4	4	0	0	0
5721	4	4	0	0	0
5723	2	2	0	0	0
5724	4	4	0	0	0
5725	4	4	0	0	0
5727	2	2	0	0	0
5731	4	4	0	0	0
5732	4	4	0	0	0
5734	4	4	0	0	0
5736	4	4	0	0	0
5737	4	4	0	0	0
5739	4	4	0	0	0
5742	4	4	0	0	0
5743	4	4	0	0	0
5747	4	4	0	0	0
5749	4	4	0	0	0
5753	4	4	0	0	0
5756	4	4	0	0	0
5757	4	4	0	0	0
5759	4	4	0	0	0
5761	4	4	0	0	0
5762	4	4	0	0	0
5767	4	4	0	0	0
5772	4	4	0	0	0
5773	4	4	0	0	0
5776	5	5	0	0	0
5777	5	5	0	0	0
5779	4	4	0	0	0
5780	4	4	0	0	0
5781	4	4	0	0	0
5782	4	4	0	0	0
5783	4	4	0	0	0
5786	4	4	0	0	0
5790	4	4	0	0	0
5791	4	4	0	0	0
5792	4	4	0	0	0
5793	4	4	0	0	0
5794	4	4	0	0	0
5798	4	4	0	0	0
5801	4	4	0	0	0
5803	4	4	0	0	0
5808	4	4	0	0	0
5811	4	4	0	0	0
5812	4	4	0	0	0
5813	4	4	0	0	0
5816	4	4	0	0	0
5819	4	4	0	0	0
5821	4	4	0	0	0
5823	4	4	0	0	0
5825	4	4	0	0	0
5827	4	4	0	0	0
5828	4	4	0	0	0
5830	4	4	0	0	0
5831	4	4	0	0	0
5836	4	4	0	0	0
5838	4	4	0	0	0
5842	4	4	0	0	0
5843	5	5	0	0	0
5845	5	5	0	0	0
5847	4	4	0	0	0
5849	4	4	0	0	0
5854	4	4	0	0	0
5855	4	4	0	0	0
5859	4	4	0	0	0
5863	4	4	0	0	0
5865	4	4	0	0	0
5866	5	5	0	0	0
5868	5	5	0	0	0
5873	4	4	0	0	0
5874	4	4	0	0	0
5876	4	4	0	0	0
5877	4	4	0	0	0
5878	4	4	0	0	0
5880	4	4	0	0	0
5881	4	4	0	0	0
5888	4	4	0	0	0
5889	4	4	0	0	0
5891	4	4	0	0	0
5892	4	4	0	0	0
5897	4	4	0	0	0
5899	4	4	0	0	0
5900	4	4	0	0	0
5902	4	4	0	0	0
5903	4	4	0	0	0
5904	4	4	0	0	0
5907	4	4	0	0	0
5908	4	4	0	0	0
5909	4	4	0	0	0
5913	4	4	0	0	0
5915	4	4	0	0	0
5917	4	4	0	0	0
5918	4	4	0	0	0
5921	4	4	0	0	0
5923	4	4	0	0	0
5925	4	4	0	0	0
5928	4	4	0	0	0
5930	4	4	0	0	0
5932	4	4	0	0	0
5933	4	4	0	0	0
5937	4	4	0	0	0
5939	4	4	0	0	0
5943	4	4	0	0	0
5944	5	5	0	0	0
5946	4	4	0	0	0
5949	4	4	0	0	0
5953	4	4	0	0	0
5955	4	4	0	0	0
5957	4	4	0	0	0
5958	4	4	0	0	0
5960	4	4	0	0	0
5962	4	4	0	0	0
5965	4	4	0	0	0
5967	4	4	0	0	0
5973	4	4	0	0	0
5974	4	4	0	0	0
5976	4	4	0	0	0
5978	4	4	0	0	0
5980	4	4	0	0	0
5981	4	4	0	0	0
5985	4	4	0	0	0
5987	4	4	0	0	0
5988	4	4	0	0	0
5989	4	4	0	0	0
5992	4	4	0	0	0
5994	4	4	0	0	0
5997	4	4	0	0	0
5999	4	4	0	0	0
6001	4	4	0	0	0
6005	4	4	0	0	0
6007	4	4	0	0	0
6008	4	4	0	0	0
6010	4	4	0	0	0
6012	4	4	0	0	0
6016	4	4	0	0	0
6019	4	4	0	0	0
6021	4	4	0	0	0
6022	4	4	0	0	0
6023	4	4	0	0	0
6026	4	4	0	0	0
6028	4	4	0	0	0
6029	4	4	0	0	0
6033	4	4	0	0	0
6035	4	4	0	0	0
6038	4	4	0	0	0
6040	4	4	0	0	0
6042	4	4	0	0	0
6044	4	4	0	0	0
6045	4	4	0	0	0
6047	4	4	0	0	0
6049	4	4	0	0	0
6051	4	4	0	0	0
6055	4	4	0	0	0
6057	4	4	0	0	0
6058	4	4	0	0	0
6059	4	4	0	0	0
6063	4	4	0	0	0
6064	4	4	0	0	0
6065	4	4	0	0	0
6069	4	4	0	0	0
6071	4	4	0	0	0
6073	4	4	0	0	0
6075	4	4	0	0	0
6079	4	4	0	0	0
6080	4	4	0	0	0
6082	4	4	0	0	0
6084	4	4	0	0	0
6088	4	4	0	0	0
6090	4	4	0	0	0
6094	4	4	0	0	0
6096	4	4	0	0	0
6101	4	4	0	0	0
6102	4	4	0	0	0
6104	4	4	0	0	0
6106	4	4	0	0	0
6107	4	4	0	0	0
6108	4	4	0	0	0
6112	4	4	0	0	0
6116	4	4	0	0	0
6117	4	4	0	0	0
6119	4	4	0	0	0
6122	4	4	0	0	0
6124	4	4	0	0	0
6126	4	4	0	0	0
6128	4	4	0	0	0
6130	4	4	0	0	0
6132	4	4	0	0	0
6136	4	4	0	0	0
6138	4	4	0	0	0
6139	4	4	0	0	0
6142	4	4	0	0	0
6143	4	4	0	0	0
6147	4	4	0	0	0
6149	4	4	0	0	0
6150	4	4	0	0	0
6151	4	4	0	0	0
6152	4	4	0	0	0
6153	4	4	0	0	0
6154	4	4	0	0	0
6155	4	4	0	0	0
6156	4	4	0	0	0
6158	4	4	0	0	0
6159	4	4	0	0	0
6161	4	4	0	0	0
6162	4	4	0	0	0
6166	4	4	0	0	0
6167	4	4	0	0	0
6168	4	4	0	0	0
6170	4	4	0	0	0
6172	4	4	0	0	0
6175	4	4	0	0	0
6177	4	4	0	0	0
6179	4	4	0	0	0
6181	4	4	0	0	0
6183	4	4	0	0	0
6184	4	4	0	0	0
6189	4	4	0	0	0
6191	4	4	0	0	0
6193	4	4	0	0	0
6194	4	4	0	0	0
6195	4	4	0	0	0
6202	4	4	0	0	0
6204	4	4	0	0	0
6206	4	4	0	0	0
6211	4	4	0	0	0
6214	4	4	0	0	0
6216	4	4	0	0	0
6217	4	4	0	0	0
6221	4	4	0	0	0
6223	4	4	0	0	0
6225	4	4	0	0	0
6231	4	4	0	0	0
6232	4	4	0	0	0
6237	4	4	0	0	0
6239	4	4	0	0	0
6243	4	4	0	0	0
6245	4	4	0	0	0
6247	4	4	0	0	0
6251	4	4	0	0	0
6253	4	4	0	0	0
6256	4	4	0	0	0
6258	4	4	0	0	0
6259	4	4	0	0	0
6264	4	4	0	0	0
6268	4	4	0	0	0
6270	4	4	0	0	0
6271	4	4	0	0	0
6276	4	4	0	0	0
6278	4	4	0	0	0
6281	4	4	0	0	0
6286	4	4	0	0	0
6288	4	4	0	0	0
6290	4	4	0	0	0
6292	4	4	0	0	0
6295	4	4	0	0	0
6299	4	4	0	0	0
6301	4	4	0	0	0
6303	4	4	0	0	0
6307	4	4	0	0	0
6309	4	4	0	0	0
6313	4	4	0	0	0
6316	4	4	0	0	0
6319	4	4	0	0	0
6322	6	6	0	0	0
6323	4	4	0	0	0
6324	4	4	0	0	0
6325	4	4	0	0	0
6326	4	4	0	0	0
6328	4	4	0	0	0
6331	4	4	0	0	0
6335	4	4	0	0	0
6337	4	4	0	0	0
6341	4	4	0	0	0
6343	4	4	0	0	0
6346	4	4	0	0	0
6349	4	4	0	0	0
6350	4	4	0	0	0
6353	4	4	0	0	0
6354	4	4	0	0	0
6355	4	4	0	0	0
6361	4	4	0	0	0
6363	4	4	0	0	0
6364	4	4	0	0	0
6365	4	4	0	0	0
6366	4	4	0	0	0
6367	4	4	0	0	0
6372	4	4	0	0	0
6373	4	4	0	0	0
6379	4	4	0	0	0
6383	4	4	0	0	0
6384	6	6	0	0	0
6386	6	6	0	0	0
6388	4	4	0	0	0
6390	4	4	0	0	0
6392	4	4	0	0	0
6395	4	4	0	0	0
6398	4	4	0	0	0
6399	4	4	0	0	0
6401	4	4	0	0	0
6403	4	4	0	0	0
6407	4	4	0	0	0
6409	4	4	0	0	0
6410	4	4	0	0	0
6412	4	4	0	0	0
6414	4	4	0	0	0
6418	4	4	0	0	0
6420	4	4	0	0	0
6424	4	4	0	0	0
6426	4	4	0	0	0
6430	4	4	0	0	0
6432	4	4	0	0	0
6434	4	4	0	0	0
6438	4	4	0	0	0
6440	4	4	0	0	0
6444	4	4	0	0	0
6446	4	4	0	0	0
6447	4	4	0	0	0
6449	4	4	0	0	0
6450	4	4	0	0	0
6455	4	4	0	0	0
6458	4	4	0	0	0
6459	4	4	0	0	0
6464	4	4	0	0	0
6465	4	4	0	0	0
6466	4	4	0	0	0
6467	4	4	0	0	0
6470	4	4	0	0	0
6473	4	4	0	0	0
6474	4	4	0	0	0
6477	4	4	0	0	0
6480	4	4	0	0	0
6486	4	4	0	0	0
6488	4	4	0	0	0
6490	4	4	0	0	0
6492	4	4	0	0	0
6494	4	4	0	0	0
6497	4	4	0	0	0
6500	4	4	0	0	0
6502	4	4	0	0	0
6503	4	4	0	0	0
6506	4	4	0	0	0
6507	4	4	0	0	0
6509	4	4	0	0	0
6511	4	4	0	0	0
6514	4	4	0	0	0
6515	4	4	0	0	0
6517	4	4	0	0	0
6518	4	4	0	0	0
6522	4	4	0	0	0
6523	4	4	0	0	0
6528	4	4	0	0	0
6530	4	4	0	0	0
6533	4	4	0	0	0
6536	4	4	0	0	0
6542	4	4	0	0	0
6543	4	4	0	0	0
6545	4	4	0	0	0
6548	4	4	0	0	0
6550	4	4	0	0	0
6555	4	4	0	0	0
6559	4	4	0	0	0
6562	4	4	0	0	0
6565	4	4	0	0	0
6569	4	4	0	0	0
6571	4	4	0	0	0
6573	4	4	0	0	0
6577	4	4	0	0	0
6579	4	4	0	0	0
6582	4	4	0	0	0
6584	4	4	0	0	0
6587	4	4	0	0	0
6595	4	4	0	0	0
6596	4	4	0	0	0
6598	4	4	0	0	0
6602	4	4	0	0	0
6603	4	4	0	0	0
6605	4	4	0	0	0
6607	4	4	0	0	0
6609	4	4	0	0	0
6613	4	4	0	0	0
6618	4	4	0	0	0
6621	4	4	0	0	0
6623	2	2	0	0	0
6624	2	2	0	0	0
6625	2	2	0	0	0
6626	2	2	0	0	0
6627	2	2	0	0	0
6628	2	2	0	0	0
6629	2	2	0	0	0
6630	2	2	0	0	0
6631	2	2	0	0	0
6632	2	2	0	0	0
6633	2	2	0	0	0
6634	2	2	0	0	0
6635	2	2	0	0	0
6636	2	2	0	0	0
6639	2	2	0	0	0
6640	2	2	0	0	0
6642	2	2	0	0	0
6644	2	2	0	0	0
6645	2	2	0	0	0
6646	2	2	0	0	0
6647	2	2	0	0	0
6649	2	2	0	0	0
6651	2	2	0	0	0
6653	2	2	0	0	0
6655	2	2	0	0	0
6656	2	2	0	0	0
6660	2	2	0	0	0
6662	2	2	0	0	0
6663	2	2	0	0	0
6665	2	2	0	0	0
6666	2	2	0	0	0
6668	2	2	0	0	0
6671	2	2	0	0	0
6672	2	2	0	0	0
6673	2	2	0	0	0
6675	2	2	0	0	0
6677	2	2	0	0	0
6678	2	2	0	0	0
6680	2	2	0	0	0
6681	2	2	0	0	0
6682	2	2	0	0	0
6685	2	2	0	0	0
6687	2	2	0	0	0
6688	2	2	0	0	0
6689	2	2	0	0	0
6691	2	2	0	0	0
6693	2	2	0	0	0
6694	2	2	0	0	0
6696	2	2	0	0	0
6697	2	2	0	0	0
6698	2	2	0	0	0
6699	2	2	0	0	0
6702	2	2	0	0	0
6704	2	2	0	0	0
6705	2	2	0	0	0
6706	2	2	0	0	0
6707	2	2	0	0	0
6708	2	2	0	0	0
6710	2	2	0	0	0
6711	2	2	0	0	0
6712	2	2	0	0	0
6714	2	2	0	0	0
6716	2	2	0	0	0
6720	6	6	0	0	0
6723	4	4	0	0	0
6724	6	6	0	0	0
6726	4	4	0	0	0
6730	5	5	0	0	0
6737	5	5	0	0	0
6738	1	1	0	0	0
6740	1	1	0	0	0
6742	1	1	0	0	0
6745	6	6	0	0	0
6748	6	6	0	0	0
6752	6	6	0	0	0
6756	1	1	0	0	0
6760	1	1	0	0	0
6762	1	1	0	0	0
6766	1	1	0	0	0
6769	1	1	0	0	0
6772	1	1	0	0	0
6776	4	4	0	0	0
6777	4	4	0	0	0
6779	4	4	0	0	0
6782	4	4	0	0	0
6783	1	1	0	0	0
6786	1	1	0	0	0
6787	1	1	0	0	0
6788	1	1	0	0	0
6789	1	1	0	0	0
6791	1	1	0	0	0
6794	1	1	0	0	0
6798	1	1	0	0	0
6800	1	1	0	0	0
6809	1	1	0	0	0
6810	1	1	0	0	0
6812	1	1	0	0	0
6815	1	1	0	0	0
6817	1	1	0	0	0
6820	1	1	0	0	0
6824	1	1	0	0	0
6830	1	1	0	0	0
6834	1	1	0	0	0
6835	1	1	0	0	0
6837	3	3	0	0	0
6840	1	1	0	0	0
6844	1	1	0	0	0
6849	1	1	0	0	0
6852	1	1	0	0	0
6854	6	6	0	0	0
6856	6	6	0	0	0
6863	1	1	0	0	0
6864	1	1	0	0	0
6871	1	1	0	0	0
6873	1	1	0	0	0
6875	1	1	0	0	0
6876	1	1	0	0	0
6881	1	1	0	0	0
6883	1	1	0	0	0
6885	4	4	0	0	0
6888	4	4	0	0	0
6891	1	1	0	0	0
6893	1	1	0	0	0
6901	1	1	0	0	0
6903	1	1	0	0	0
6905	1	1	0	0	0
6913	1	1	0	0	0
6915	1	1	0	0	0
6923	1	1	0	0	0
6926	1	1	0	0	0
6931	6	6	0	0	0
6937	6	6	0	0	0
6938	6	6	0	0	0
6942	6	6	0	0	0
6943	6	6	0	0	0
6947	6	6	0	0	0
6949	3	3	0	0	0
6950	3	3	0	0	0
6953	3	3	0	0	0
6955	6	6	0	0	0
6968	6	6	0	0	0
6971	6	6	0	0	0
6978	6	6	0	0	0
6980	6	6	0	0	0
6986	6	6	0	0	0
6988	6	6	0	0	0
6996	6	6	0	0	0
7003	6	6	0	0	0
7005	6	6	0	0	0
7007	6	6	0	0	0
7011	6	6	0	0	0
7014	6	6	0	0	0
7016	2	2	0	0	0
7021	2	2	0	0	0
7023	2	2	0	0	0
7030	6	6	0	0	0
7032	6	6	0	0	0
7043	6	6	0	0	0
7045	6	6	0	0	0
7049	6	6	0	0	0
7051	4	4	0	0	0
7054	6	6	0	0	0
7059	4	4	0	0	0
7068	6	6	0	0	0
7070	6	6	0	0	0
7075	6	6	0	0	0
7077	6	6	0	0	0
7079	4	4	0	0	0
7080	4	4	0	0	0
7087	6	6	0	0	0
7088	6	6	0	0	0
7092	6	6	0	0	0
7094	3	3	0	0	0
7096	3	3	0	0	0
7099	6	6	0	0	0
7105	3	3	0	0	0
7110	3	3	0	0	0
7113	3	3	0	0	0
7116	6	6	0	0	0
7119	3	3	0	0	0
7125	3	3	0	0	0
7128	3	3	0	0	0
7132	6	6	0	0	0
7134	6	6	0	0	0
7136	3	3	0	0	0
7138	3	3	0	0	0
7141	6	6	0	0	0
7153	6	6	0	0	0
7155	6	6	0	0	0
7157	6	6	0	0	0
7161	6	6	0	0	0
7163	6	6	0	0	0
7165	6	6	0	0	0
7168	6	6	0	0	0
7181	6	6	0	0	0
7185	6	6	0	0	0
7187	4	4	0	0	0
7188	4	4	0	0	0
7192	4	4	0	0	0
7194	4	4	0	0	0
7199	6	6	0	0	0
7202	6	6	0	0	0
7204	6	6	0	0	0
7209	6	6	0	0	0
7211	6	6	0	0	0
7215	6	6	0	0	0
7221	6	6	0	0	0
7223	6	6	0	0	0
7228	6	6	0	0	0
7229	6	6	0	0	0
7233	6	6	0	0	0
7235	4	4	0	0	0
7239	6	6	0	0	0
7243	6	6	0	0	0
7247	6	6	0	0	0
7249	6	6	0	0	0
7250	6	6	0	0	0
7263	4	4	0	0	0
7267	4	4	0	0	0
7269	6	6	0	0	0
7272	6	6	0	0	0
7276	6	6	0	0	0
7279	6	6	0	0	0
7284	6	6	0	0	0
7288	6	6	0	0	0
7297	4	4	0	0	0
7300	4	4	0	0	0
7302	6	6	0	0	0
7305	6	6	0	0	0
7309	6	6	0	0	0
7314	6	6	0	0	0
7315	6	6	0	0	0
7319	6	6	0	0	0
7320	3	3	0	0	0
7326	3	3	0	0	0
7331	3	3	0	0	0
7335	3	3	0	0	0
7336	3	3	0	0	0
7340	6	6	0	0	0
7341	3	3	0	0	0
7347	6	6	0	0	0
7349	6	6	0	0	0
7351	6	6	0	0	0
7358	6	6	0	0	0
7360	6	6	0	0	0
7368	6	6	0	0	0
7371	6	6	0	0	0
7373	6	6	0	0	0
7375	6	6	0	0	0
7380	6	6	0	0	0
7382	6	6	0	0	0
7384	6	6	0	0	0
7386	6	6	0	0	0
7391	6	6	0	0	0
7394	6	6	0	0	0
7403	6	6	0	0	0
7405	6	6	0	0	0
7409	6	6	0	0	0
7411	6	6	0	0	0
7414	6	6	0	0	0
7416	6	6	0	0	0
7421	6	6	0	0	0
7423	6	6	0	0	0
7433	6	6	0	0	0
7435	6	6	0	0	0
7442	6	6	0	0	0
7444	6	6	0	0	0
7449	6	6	0	0	0
7453	6	6	0	0	0
7455	6	6	0	0	0
7456	6	6	0	0	0
7466	6	6	0	0	0
7468	6	6	0	0	0
7473	1	1	0	0	0
7475	1	1	0	0	0
7478	6	6	0	0	0
7482	6	6	0	0	0
7484	6	6	0	0	0
7491	6	6	0	0	0
7494	3	3	0	0	0
7500	3	3	0	0	0
7501	3	3	0	0	0
7510	3	3	0	0	0
7512	3	3	0	0	0
7514	2	2	0	0	0
7516	3	3	0	0	0
7518	2	2	0	0	0
7519	2	2	0	0	0
7527	3	3	0	0	0
7528	3	3	0	0	0
7530	3	3	0	0	0
7532	3	3	0	0	0
7545	3	3	0	0	0
7553	3	3	0	0	0
7555	3	3	0	0	0
7559	6	6	0	0	0
7561	6	6	0	0	0
7568	6	6	0	0	0
7571	3	3	0	0	0
7572	3	3	0	0	0
7575	3	3	0	0	0
7585	3	3	0	0	0
7586	3	3	0	0	0
7592	3	3	0	0	0
7593	3	3	0	0	0
7598	3	3	0	0	0
7602	3	3	0	0	0
7611	3	3	0	0	0
7613	3	3	0	0	0
7618	6	6	0	0	0
7621	3	3	0	0	0
7622	6	6	0	0	0
7634	3	3	0	0	0
7636	3	3	0	0	0
7641	3	3	0	0	0
7642	3	3	0	0	0
7648	5	5	0	0	0
7651	5	5	0	0	0
7654	3	3	0	0	0
7657	3	3	0	0	0
7659	5	5	0	0	0
7664	3	3	0	0	0
7668	3	3	0	0	0
7670	3	3	0	0	0
7672	5	5	0	0	0
7674	5	5	0	0	0
7676	3	3	0	0	0
7678	3	3	0	0	0
7681	3	3	0	0	0
7687	3	3	0	0	0
7690	3	3	0	0	0
7693	5	5	0	0	0
7694	5	5	0	0	0
7701	5	5	0	0	0
7705	5	5	0	0	0
7708	3	3	0	0	0
7710	3	3	0	0	0
7721	3	3	0	0	0
7726	3	3	0	0	0
7728	6	6	0	0	0
7729	6	6	0	0	0
7736	6	6	0	0	0
7740	3	3	0	0	0
7744	6	6	0	0	0
7747	6	6	0	0	0
7748	3	3	0	0	0
7751	3	3	0	0	0
7769	3	3	0	0	0
7771	3	3	0	0	0
7775	3	3	0	0	0
7778	3	3	0	0	0
7782	3	3	0	0	0
7783	3	3	0	0	0
7789	3	3	0	0	0
7793	3	3	0	0	0
7797	3	3	0	0	0
7810	3	3	0	0	0
7814	3	3	0	0	0
7816	3	3	0	0	0
7819	3	3	0	0	0
7824	3	3	0	0	0
7826	3	3	0	0	0
7830	3	3	0	0	0
7831	3	3	0	0	0
7837	3	3	0	0	0
7839	3	3	0	0	0
7842	3	3	0	0	0
7847	3	3	0	0	0
7849	3	3	0	0	0
7851	3	3	0	0	0
7853	3	3	0	0	0
7854	3	3	0	0	0
7866	3	3	0	0	0
7867	3	3	0	0	0
7872	3	3	0	0	0
7876	3	3	0	0	0
7883	5	5	0	0	0
7885	5	5	0	0	0
7888	3	3	0	0	0
7890	5	5	0	0	0
7893	3	3	0	0	0
7898	3	3	0	0	0
7903	3	3	0	0	0
7910	3	3	0	0	0
7912	3	3	0	0	0
7916	6	6	0	0	0
7920	6	6	0	0	0
7924	6	6	0	0	0
7925	3	3	0	0	0
7931	3	3	0	0	0
7935	3	3	0	0	0
7940	6	6	0	0	0
7942	6	6	0	0	0
7947	3	3	0	0	0
7949	3	3	0	0	0
7952	3	3	0	0	0
7954	3	3	0	0	0
7956	3	3	0	0	0
7961	3	3	0	0	0
7963	1	1	0	0	0
7968	5	5	0	0	0
7972	5	5	0	0	0
7973	3	3	0	0	0
7975	3	3	0	0	0
7978	3	3	0	0	0
7979	3	3	0	0	0
7982	5	5	0	0	0
7985	3	3	0	0	0
7992	3	3	0	0	0
7994	3	3	0	0	0
7996	3	3	0	0	0
8001	3	3	0	0	0
8004	3	3	0	0	0
8006	3	3	0	0	0
8008	3	3	0	0	0
8011	3	3	0	0	0
8015	3	3	0	0	0
8017	3	3	0	0	0
8024	3	3	0	0	0
8025	3	3	0	0	0
8028	3	3	0	0	0
8030	3	3	0	0	0
8032	3	3	0	0	0
8039	3	3	0	0	0
8045	3	3	0	0	0
8048	3	3	0	0	0
8054	3	3	0	0	0
8056	3	3	0	0	0
8061	3	3	0	0	0
8062	3	3	0	0	0
8064	3	3	0	0	0
8065	3	3	0	0	0
8074	3	3	0	0	0
8076	3	3	0	0	0
8081	3	3	0	0	0
8084	3	3	0	0	0
8088	3	3	0	0	0
8090	3	3	0	0	0
8099	3	3	0	0	0
8111	2	2	0	0	0
8114	2	2	0	0	0
8117	2	2	0	0	0
8119	5	5	0	0	0
8122	5	5	0	0	0
8124	2	2	0	0	0
8126	2	2	0	0	0
8129	2	2	0	0	0
8133	5	5	0	0	0
8137	5	5	0	0	0
8140	5	5	0	0	0
8147	5	5	0	0	0
8148	5	5	0	0	0
8152	5	5	0	0	0
8154	5	5	0	0	0
8163	5	5	0	0	0
8165	5	5	0	0	0
8172	5	5	0	0	0
8174	5	5	0	0	0
8179	5	5	0	0	0
8182	5	5	0	0	0
8196	5	5	0	0	0
8197	5	5	0	0	0
8207	5	5	0	0	0
8208	5	5	0	0	0
8212	5	5	0	0	0
8214	5	5	0	0	0
8215	5	5	0	0	0
8222	5	5	0	0	0
8223	5	5	0	0	0
8225	5	5	0	0	0
8231	5	5	0	0	0
8233	5	5	0	0	0
8237	5	5	0	0	0
8249	5	5	0	0	0
8251	5	5	0	0	0
8256	5	5	0	0	0
8257	4	4	0	0	0
8259	4	4	0	0	0
8262	5	5	0	0	0
8264	4	4	0	0	0
8269	5	5	0	0	0
8275	3	3	0	0	0
8277	5	5	0	0	0
8280	3	3	0	0	0
8285	2	2	0	0	0
8286	2	2	0	0	0
8290	5	5	0	0	0
8292	5	5	0	0	0
8301	3	3	0	0	0
8306	5	5	0	0	0
8314	5	5	0	0	0
8323	5	5	0	0	0
8325	3	3	0	0	0
8328	3	3	0	0	0
8336	5	5	0	0	0
8341	5	5	0	0	0
8351	5	5	0	0	0
8353	5	5	0	0	0
8358	5	5	0	0	0
8359	3	3	0	0	0
8362	3	3	0	0	0
8366	3	3	0	0	0
8372	3	3	0	0	0
8374	3	3	0	0	0
8378	5	5	0	0	0
8383	4	4	0	0	0
8386	5	5	0	0	0
8389	4	4	0	0	0
8393	5	5	0	0	0
8397	5	5	0	0	0
8400	5	5	0	0	0
8404	5	5	0	0	0
8409	5	5	0	0	0
8413	5	5	0	0	0
8415	5	5	0	0	0
8421	4	4	0	0	0
8426	5	5	0	0	0
8428	4	4	0	0	0
8433	5	5	0	0	0
8438	5	5	0	0	0
8442	5	5	0	0	0
8443	5	5	0	0	0
8454	5	5	0	0	0
8456	5	5	0	0	0
8458	4	4	0	0	0
8460	4	4	0	0	0
8465	5	5	0	0	0
8469	5	5	0	0	0
8477	5	5	0	0	0
8478	5	5	0	0	0
8484	4	4	0	0	0
8489	4	4	0	0	0
8494	5	5	0	0	0
8495	5	5	0	0	0
8499	5	5	0	0	0
8503	5	5	0	0	0
8505	5	5	0	0	0
8507	5	5	0	0	0
8508	5	5	0	0	0
8521	5	5	0	0	0
8522	5	5	0	0	0
8530	5	5	0	0	0
8532	5	5	0	0	0
8534	5	5	0	0	0
8541	5	5	0	0	0
8547	5	5	0	0	0
8549	5	5	0	0	0
8555	5	5	0	0	0
8557	5	5	0	0	0
8568	5	5	0	0	0
8572	5	5	0	0	0
8573	5	5	0	0	0
8581	5	5	0	0	0
8588	5	5	0	0	0
8596	5	5	0	0	0
8599	5	5	0	0	0
8603	5	5	0	0	0
8604	5	5	0	0	0
8606	5	5	0	0	0
8613	5	5	0	0	0
8615	5	5	0	0	0
8620	5	5	0	0	0
8621	5	5	0	0	0
8625	5	5	0	0	0
8626	5	5	0	0	0
8628	5	5	0	0	0
8636	5	5	0	0	0
8638	5	5	0	0	0
8640	5	5	0	0	0
8650	5	5	0	0	0
8652	5	5	0	0	0
8655	5	5	0	0	0
8657	5	5	0	0	0
8660	5	5	0	0	0
8665	5	5	0	0	0
8667	5	5	0	0	0
8681	5	5	0	0	0
8683	5	5	0	0	0
8689	1	1	0	0	0
8691	1	1	0	0	0
8694	5	5	0	0	0
8700	5	5	0	0	0
8702	5	5	0	0	0
8704	5	5	0	0	0
8713	5	5	0	0	0
8715	5	5	0	0	0
8720	5	5	0	0	0
8722	5	5	0	0	0
8737	4	4	0	0	0
8738	4	4	0	0	0
8742	6	6	0	0	0
8743	6	6	0	0	0
8744	4	4	0	0	0
8746	4	4	0	0	0
8748	4	4	0	0	0
8755	6	6	0	0	0
8757	6	6	0	0	0
8762	6	6	0	0	0
8764	4	4	0	0	0
8766	4	4	0	0	0
8770	4	4	0	0	0
8771	4	4	0	0	0
8776	4	4	0	0	0
8781	4	4	0	0	0
8783	4	4	0	0	0
8787	4	4	0	0	0
8789	4	4	0	0	0
8793	4	4	0	0	0
8795	4	4	0	0	0
8803	4	4	0	0	0
8805	4	4	0	0	0
8807	4	4	0	0	0
8810	4	4	0	0	0
8815	4	4	0	0	0
8821	4	4	0	0	0
8823	4	4	0	0	0
8826	4	4	0	0	0
8827	4	4	0	0	0
8834	4	4	0	0	0
8837	4	4	0	0	0
8842	4	4	0	0	0
8844	4	4	0	0	0
8852	4	4	0	0	0
8854	4	4	0	0	0
8855	4	4	0	0	0
8860	4	4	0	0	0
8863	4	4	0	0	0
8866	4	4	0	0	0
8868	4	4	0	0	0
8869	4	4	0	0	0
8877	4	4	0	0	0
8879	4	4	0	0	0
8880	4	4	0	0	0
8892	4	4	0	0	0
8896	4	4	0	0	0
8898	4	4	0	0	0
8907	4	4	0	0	0
8908	4	4	0	0	0
8910	4	4	0	0	0
8920	6	6	0	0	0
8921	6	6	0	0	0
8925	6	6	0	0	0
8936	4	4	0	0	0
8946	4	4	0	0	0
8948	4	4	0	0	0
8952	5	5	0	0	0
8955	4	4	0	0	0
8959	4	4	0	0	0
8961	4	4	0	0	0
8962	4	4	0	0	0
8972	4	4	0	0	0
8974	4	4	0	0	0
8975	4	4	0	0	0
8988	4	4	0	0	0
9003	4	4	0	0	0
9007	4	4	0	0	0
9011	4	4	0	0	0
9012	4	4	0	0	0
9014	4	4	0	0	0
9018	4	4	0	0	0
9020	4	4	0	0	0
9021	4	4	0	0	0
9029	4	4	0	0	0
9031	4	4	0	0	0
9032	4	4	0	0	0
9042	4	4	0	0	0
9044	4	4	0	0	0
9048	4	4	0	0	0
9053	5	5	0	0	0
9055	5	5	0	0	0
9058	4	4	0	0	0
9060	4	4	0	0	0
9061	4	4	0	0	0
9069	4	4	0	0	0
9071	4	4	0	0	0
9072	4	4	0	0	0
9079	4	4	0	0	0
9082	4	4	0	0	0
9084	4	4	0	0	0
9091	5	5	0	0	0
9095	4	4	0	0	0
9097	4	4	0	0	0
9100	4	4	0	0	0
9106	4	4	0	0	0
9107	5	5	0	0	0
9113	6	6	0	0	0
9118	6	6	0	0	0
9125	4	4	0	0	0
9127	4	4	0	0	0
9131	4	4	0	0	0
9132	6	6	0	0	0
9137	6	6	0	0	0
9140	4	4	0	0	0
9144	4	4	0	0	0
9149	4	4	0	0	0
9150	4	4	0	0	0
9155	4	4	0	0	0
9158	4	4	0	0	0
9160	4	4	0	0	0
9168	5	5	0	0	0
9169	4	4	0	0	0
9171	4	4	0	0	0
9179	4	4	0	0	0
9182	5	5	0	0	0
9186	4	4	0	0	0
9190	4	4	0	0	0
9198	4	4	0	0	0
9200	4	4	0	0	0
9202	4	4	0	0	0
9207	4	4	0	0	0
9210	4	4	0	0	0
9214	4	4	0	0	0
9218	4	4	0	0	0
9221	4	4	0	0	0
9223	4	4	0	0	0
9224	4	4	0	0	0
9231	4	4	0	0	0
9236	4	4	0	0	0
9237	4	4	0	0	0
9244	4	4	0	0	0
9246	4	4	0	0	0
9257	4	4	0	0	0
9260	5	5	0	0	0
9265	4	4	0	0	0
9268	4	4	0	0	0
9270	4	4	0	0	0
9273	4	4	0	0	0
9279	4	4	0	0	0
9285	4	4	0	0	0
9289	4	4	0	0	0
9291	4	4	0	0	0
9293	4	4	0	0	0
9296	4	4	0	0	0
9298	4	4	0	0	0
9299	4	4	0	0	0
9307	4	4	0	0	0
9314	4	4	0	0	0
9316	4	4	0	0	0
9318	4	4	0	0	0
9325	4	4	0	0	0
9328	4	4	0	0	0
9330	4	4	0	0	0
9336	4	4	0	0	0
9340	4	4	0	0	0
9345	4	4	0	0	0
9353	4	4	0	0	0
9356	4	4	0	0	0
9359	4	4	0	0	0
9361	4	4	0	0	0
9368	4	4	0	0	0
9370	4	4	0	0	0
9372	4	4	0	0	0
9377	4	4	0	0	0
9380	4	4	0	0	0
9384	4	4	0	0	0
9385	4	4	0	0	0
9387	4	4	0	0	0
9390	4	4	0	0	0
9401	4	4	0	0	0
9403	4	4	0	0	0
9406	4	4	0	0	0
9408	4	4	0	0	0
9411	4	4	0	0	0
9417	4	4	0	0	0
9419	4	4	0	0	0
9432	1	1	0	0	0
9439	4	4	0	0	0
9441	4	4	0	0	0
9447	4	4	0	0	0
9449	4	4	0	0	0
9453	2	2	0	0	0
9454	2	2	0	0	0
9458	5	5	0	0	0
9459	2	2	0	0	0
9469	2	2	0	0	0
9471	2	2	0	0	0
9475	2	2	0	0	0
9477	2	2	0	0	0
9479	2	2	0	0	0
9481	2	2	0	0	0
9483	6	6	0	0	0
9487	6	6	0	0	0
9489	2	2	0	0	0
9494	2	2	0	0	0
9507	3	3	0	0	0
9509	3	3	0	0	0
9514	6	6	0	0	0
9519	2	2	0	0	0
9522	2	2	0	0	0
9528	6	6	0	0	0
9532	2	2	0	0	0
9533	2	2	0	0	0
9539	2	2	0	0	0
9540	2	2	0	0	0
9545	2	2	0	0	0
9547	2	2	0	0	0
9551	2	2	0	0	0
9553	2	2	0	0	0
9556	2	2	0	0	0
9563	2	2	0	0	0
9565	2	2	0	0	0
9566	2	2	0	0	0
9575	2	2	0	0	0
9577	2	2	0	0	0
9583	2	2	0	0	0
9587	2	2	0	0	0
9589	2	2	0	0	0
9594	2	2	0	0	0
9596	2	2	0	0	0
9605	2	2	0	0	0
9606	2	2	0	0	0
9608	6	6	0	0	0
9611	2	2	0	0	0
9613	2	2	0	0	0
9618	2	2	0	0	0
9619	2	2	0	0	0
9620	2	2	0	0	0
9632	4	4	0	0	0
9635	2	2	0	0	0
9640	2	2	0	0	0
9648	5	5	0	0	0
9651	5	5	0	0	0
9652	5	5	0	0	0
9660	4	4	0	0	0
9661	4	4	0	0	0
9664	4	4	0	0	0
9673	1	1	0	0	0
9677	1	1	0	0	0
9686	1	1	0	0	0
9703	1	1	0	0	0
9705	1	1	0	0	0
9713	3	3	0	0	0
9715	3	3	0	0	0
9726	6	6	0	0	0
9728	6	6	0	0	0
9738	1	1	0	0	0
9740	1	1	0	0	0
9747	4	4	0	0	0
9749	4	4	0	0	0
9757	1	1	0	0	0
9760	1	1	0	0	0
9768	6	6	0	0	0
9770	6	6	0	0	0
9780	3	3	0	0	0
9782	3	3	0	0	0
9803	6	6	0	0	0
9816	3	3	0	0	0
9818	3	3	0	0	0
9820	3	3	0	0	0
9843	4	4	0	0	0
9845	4	4	0	0	0
9856	4	4	0	0	0
9858	4	4	0	0	0
9867	6	6	0	0	0
9871	6	6	0	0	0
9873	6	6	0	0	0
9889	6	6	0	0	0
9898	6	6	0	0	0
9902	6	6	0	0	0
9921	6	6	0	0	0
9930	6	6	0	0	0
9932	6	6	0	0	0
9944	6	6	0	0	0
9948	6	6	0	0	0
9957	6	6	0	0	0
9964	6	6	0	0	0
9968	6	6	0	0	0
9970	6	6	0	0	0
9977	6	6	0	0	0
9979	6	6	0	0	0
9980	6	6	0	0	0
9991	6	6	0	0	0
9992	6	6	0	0	0
9994	6	6	0	0	0
10037	3	3	0	0	0
10048	5	5	0	0	0
10062	3	3	0	0	0
10076	3	3	0	0	0
10078	3	3	0	0	0
10080	3	3	0	0	0
10084	3	3	0	0	0
10105	5	5	0	0	0
10107	5	5	0	0	0
10113	5	5	0	0	0
10114	3	3	0	0	0
10120	6	6	0	0	0
10122	6	6	0	0	0
10127	6	6	0	0	0
10135	6	6	0	0	0
10139	6	6	0	0	0
10150	3	3	0	0	0
10153	3	3	0	0	0
10154	3	3	0	0	0
10183	3	3	0	0	0
10221	3	3	0	0	0
10223	3	3	0	0	0
10227	3	3	0	0	0
10272	6	6	0	0	0
10274	6	6	0	0	0
10283	3	3	0	0	0
10287	3	3	0	0	0
10289	3	3	0	0	0
10302	3	3	0	0	0
10306	3	3	0	0	0
10323	3	3	0	0	0
10325	3	3	0	0	0
10333	3	3	0	0	0
10336	3	3	0	0	0
10339	3	3	0	0	0
10346	3	3	0	0	0
10348	3	3	0	0	0
10350	3	3	0	0	0
10360	3	3	0	0	0
10365	3	3	0	0	0
10369	5	5	0	0	0
10370	5	5	0	0	0
10377	3	3	0	0	0
10381	3	3	0	0	0
10402	3	3	0	0	0
10404	3	3	0	0	0
10406	3	3	0	0	0
10414	3	3	0	0	0
10416	3	3	0	0	0
10423	3	3	0	0	0
10425	3	3	0	0	0
10439	3	3	0	0	0
10455	5	5	0	0	0
10457	5	5	0	0	0
10461	5	5	0	0	0
10481	5	5	0	0	0
10483	5	5	0	0	0
10486	5	5	0	0	0
10513	5	5	0	0	0
10533	3	3	0	0	0
10537	3	3	0	0	0
10541	5	5	0	0	0
10543	5	5	0	0	0
10597	5	5	0	0	0
10600	5	5	0	0	0
10601	5	5	0	0	0
10678	5	5	0	0	0
10680	5	5	0	0	0
10714	5	5	0	0	0
10718	5	5	0	0	0
10754	5	5	0	0	0
10755	5	5	0	0	0
10764	5	5	0	0	0
10766	5	5	0	0	0
10771	5	5	0	0	0
10775	5	5	0	0	0
10796	5	5	0	0	0
10803	5	5	0	0	0
10805	5	5	0	0	0
10810	5	5	0	0	0
10812	5	5	0	0	0
10826	2	2	0	0	0
10827	2	2	0	0	0
10832	4	4	0	0	0
10835	4	4	0	0	0
10849	4	4	0	0	0
10862	6	6	0	0	0
10864	6	6	0	0	0
10891	2	2	0	0	0
10896	2	2	0	0	0
10897	4	4	0	0	0
10901	4	4	0	0	0
10911	4	4	0	0	0
10913	4	4	0	0	0
10916	4	4	0	0	0
10937	4	4	0	0	0
10942	4	4	0	0	0
10961	4	4	0	0	0
10962	4	4	0	0	0
10967	4	4	0	0	0
10980	4	4	0	0	0
10982	4	4	0	0	0
10986	4	4	0	0	0
10992	4	4	0	0	0
10998	4	4	0	0	0
11002	4	4	0	0	0
11048	6	6	0	0	0
11071	4	4	0	0	0
11072	4	4	0	0	0
11075	4	4	0	0	0
11079	4	4	0	0	0
11130	4	4	0	0	0
11132	4	4	0	0	0
11133	4	4	0	0	0
11216	4	4	0	0	0
11220	4	4	0	0	0
11239	4	4	0	0	0
11241	4	4	0	0	0
11288	6	6	0	0	0
11349	4	4	0	0	0
11350	4	4	0	0	0
11356	4	4	0	0	0
11358	4	4	0	0	0
11362	4	4	0	0	0
11376	4	4	0	0	0
11378	4	4	0	0	0
11381	4	4	0	0	0
11385	5	5	0	0	0
11392	4	4	0	0	0
11394	4	4	0	0	0
11404	4	4	0	0	0
11408	4	4	0	0	0
11419	4	4	0	0	0
11431	4	4	0	0	0
11439	4	4	0	0	0
11441	4	4	0	0	0
11448	4	4	0	0	0
11450	4	4	0	0	0
11452	4	4	0	0	0
11467	2	2	0	0	0
11469	2	2	0	0	0
11488	2	2	0	0	0
11489	3	3	0	0	0
11493	2	2	0	0	0
11495	3	3	0	0	0
11504	2	2	0	0	0
11506	2	2	0	0	0
11516	2	2	0	0	0
11518	2	2	0	0	0
11522	2	2	0	0	0
11525	2	2	0	0	0
11529	2	2	0	0	0
11542	2	2	0	0	0
11544	2	2	0	0	0
11558	2	2	0	0	0
11562	2	2	0	0	0
11597	1	1	0	0	0
11599	1	1	0	0	0
11611	1	1	0	0	0
11613	1	1	0	0	0
11615	1	1	0	0	0
11629	4	4	0	0	0
11631	4	4	0	0	0
11674	3	3	0	0	0
11706	6	6	0	0	0
11710	6	6	0	0	0
11935	3	3	0	0	0
11937	3	3	0	0	0
12071	3	3	0	0	0
12211	3	3	0	0	0
12248	3	3	0	0	0
12321	3	3	0	0	0
12399	3	3	0	0	0
12436	5	5	0	0	0
12443	5	5	0	0	0
12445	5	5	0	0	0
12508	5	5	0	0	0
12510	5	5	0	0	0
12549	3	3	0	0	0
12551	3	3	0	0	0
12573	5	5	0	0	0
12599	5	5	0	0	0
12958	5	5	0	0	0
12960	5	5	0	0	0
13056	5	5	0	0	0
13171	6	6	0	0	0
13173	6	6	0	0	0
13206	4	4	0	0	0
13291	4	4	0	0	0
13353	4	4	0	0	0
13409	5	5	0	0	0
13954	6	6	0	0	0
13970	4	4	0	0	0
13972	4	4	0	0	0
13979	5	5	0	0	0
13982	5	5	0	0	0
14059	2	2	0	0	0
14060	2	2	0	0	0
14067	4	4	0	0	0
14068	2	2	0	0	0
14140	1	1	0	0	0
14277	3	3	0	0	0
14284	3	3	0	0	0
14447	3	3	0	0	0
14562	3	3	0	0	0
14563	3	3	0	0	0
14581	3	3	0	0	0
14655	6	6	0	0	0
14657	6	6	0	0	0
14659	6	6	0	0	0
14718	3	3	0	0	0
14753	6	6	0	0	0
14798	6	6	0	0	0
15139	6	6	0	0	0
15141	6	6	0	0	0
15532	6	6	0	0	0
15811	5	5	0	0	0
15927	3	3	0	0	0
16413	5	5	0	0	0
16414	5	5	0	0	0
16426	5	5	0	0	0
16547	5	5	0	0	0
16549	5	5	0	0	0
16597	3	3	0	0	0
16599	3	3	0	0	0
16778	6	6	0	0	0
17300	5	5	0	0	0
17604	4	4	0	0	0
17898	4	4	0	0	0
17900	4	4	0	0	0
17902	4	4	0	0	0
17926	2	2	0	0	0
17928	2	2	0	0	0
18981	6	6	0	0	0
18983	6	6	0	0	0
20676	6	6	0	0	0
20936	4	4	0	0	0
20943	4	4	0	0	0
20944	4	4	0	0	0
22633	3	3	0	0	0
22829	3	3	0	0	0
24400	4	4	0	0	0
24409	4	4	0	0	0
30936	5	5	0	0	0
30938	3	3	0	0	0
30940	5	5	0	0	0
30941	4	4	0	0	0
30942	6	6	0	0	0
30946	1	1	0	0	0
30948	6	6	0	0	0
30952	6	6	0	0	0
30954	6	6	0	0	0
30956	6	6	0	0	0
30958	6	6	0	0	0
30960	6	6	0	0	0
30968	3	3	0	0	0
30970	3	3	0	0	0
30975	3	3	0	0	0
30980	5	5	0	0	0
30982	5	5	0	0	0
30984	5	5	0	0	0
30986	5	5	0	0	0
30993	4	4	0	0	0
30995	4	4	0	0	0
30999	4	4	0	0	0
31001	4	4	0	0	0
31003	4	4	0	0	0
31015	4	4	0	0	0
31017	4	4	0	0	0
31021	1	1	0	0	0
31023	1	1	0	0	0
31031	1	1	0	0	0
31037	6	6	0	0	0
31041	4	4	0	0	0
31049	6	6	0	0	0
31053	6	6	0	0	0
31059	6	6	0	0	0
31061	6	6	0	0	0
31063	6	6	0	0	0
31073	3	3	0	0	0
31079	5	5	0	0	0
31081	3	3	0	0	0
31083	6	6	0	0	0
31086	3	3	0	0	0
31097	3	3	0	0	0
31103	3	3	0	0	0
31105	3	3	0	0	0
31109	5	5	0	0	0
31127	5	5	0	0	0
31135	5	5	0	0	0
31149	4	4	0	0	0
31151	4	4	0	0	0
31155	5	5	0	0	0
31158	5	5	0	0	0
31159	4	4	0	0	0
31161	4	4	0	0	0
31171	4	4	0	0	0
31177	4	4	0	0	0
31179	4	4	0	0	0
31181	4	4	0	0	0
31187	5	5	0	0	0
31189	2	2	0	0	0
31193	2	2	0	0	0
31208	2	2	0	0	0
31211	2	2	0	0	0
31216	6	6	0	0	0
31228	4	4	0	0	0
31236	3	3	0	0	0
31242	3	3	0	0	0
31254	6	6	0	0	0
31256	6	6	0	0	0
31273	6	6	0	0	0
31276	3	3	0	0	0
31290	6	6	0	0	0
31299	3	3	0	0	0
31304	3	3	0	0	0
31334	5	5	0	0	0
31344	5	5	0	0	0
31346	5	5	0	0	0
31348	5	5	0	0	0
31360	4	4	0	0	0
31385	4	4	0	0	0
31388	4	4	0	0	0
31397	4	4	0	0	0
31404	6	6	0	0	0
31409	4	4	0	0	0
31423	4	4	0	0	0
31438	4	4	0	0	0
31444	2	2	0	0	0
31469	2	2	0	0	0
31482	3	3	0	0	0
31516	6	6	0	0	0
31540	3	3	0	0	0
31601	5	5	0	0	0
31608	3	3	0	0	0
31617	5	5	0	0	0
31622	5	5	0	0	0
31623	5	5	0	0	0
31629	3	3	0	0	0
31672	5	5	0	0	0
31695	4	4	0	0	0
31697	4	4	0	0	0
31718	4	4	0	0	0
31729	5	5	0	0	0
31741	5	5	0	0	0
31745	4	4	0	0	0
31755	4	4	0	0	0
31800	4	4	0	0	0
31876	4	4	0	0	0
31888	3	3	0	0	0
31922	6	6	0	0	0
31943	3	3	0	0	0
31946	3	3	0	0	0
31979	3	3	0	0	0
31997	3	3	0	0	0
32069	5	5	0	0	0
32074	3	3	0	0	0
32080	3	3	0	0	0
32090	5	5	0	0	0
32267	4	4	0	0	0
32317	4	4	0	0	0
32556	6	6	0	0	0
32701	6	6	0	0	0
32704	6	6	0	0	0
32756	5	5	0	0	0
34016	1	1	0	0	0
34023	1	1	0	0	0
34036	3	3	0	0	0
34042	3	3	0	0	0
34045	3	3	0	0	0
34055	5	5	0	0	0
34057	5	5	0	0	0
34069	5	5	0	0	0
34073	5	5	0	0	0
34084	5	5	0	0	0
34086	5	5	0	0	0
34103	5	5	0	0	0
34105	5	5	0	0	0
34124	4	4	0	0	0
34126	4	4	0	0	0
34137	4	4	0	0	0
34147	4	4	0	0	0
34149	4	4	0	0	0
34163	4	4	0	0	0
34164	4	4	0	0	0
34166	4	4	0	0	0
34193	4	4	0	0	0
34195	4	4	0	0	0
34210	4	4	0	0	0
34212	4	4	0	0	0
34229	4	4	0	0	0
34237	5	5	0	0	0
34240	5	5	0	0	0
34259	6	6	0	0	0
34271	6	6	0	0	0
34275	4	4	0	0	0
34277	4	4	0	0	0
34293	4	4	0	0	0
34294	5	5	0	0	0
34299	5	5	0	0	0
34301	5	5	0	0	0
34345	4	4	0	0	0
34346	4	4	0	0	0
34350	4	4	0	0	0
34368	3	3	0	0	0
34373	3	3	0	0	0
34375	3	3	0	0	0
34380	6	6	0	0	0
34383	3	3	0	0	0
34469	4	4	0	0	0
34471	4	4	0	0	0
34487	6	6	0	0	0
34489	6	6	0	0	0
34495	6	6	0	0	0
34500	6	6	0	0	0
34688	6	6	0	0	0
34690	6	6	0	0	0
34704	3	3	0	0	0
34707	3	3	0	0	0
34721	3	3	0	0	0
34723	3	3	0	0	0
34739	5	5	0	0	0
34740	2	2	0	0	0
34742	2	2	0	0	0
34745	5	5	0	0	0
34766	6	6	0	0	0
34768	6	6	0	0	0
34777	5	5	0	0	0
34779	5	5	0	0	0
34791	4	4	0	0	0
34796	4	4	0	0	0
34852	4	4	0	0	0
34854	4	4	0	0	0
34930	3	3	0	0	0
34932	3	3	0	0	0
35005	1	1	0	0	0
35007	1	1	0	0	0
35139	3	3	0	0	0
35141	3	3	0	0	0
35149	3	3	0	0	0
35646	5	5	0	0	0
35654	5	5	0	0	0
35662	4	4	0	0	0
35668	4	4	0	0	0
35716	6	6	0	0	0
35719	6	6	0	0	0
35763	4	4	0	0	0
35765	4	4	0	0	0
35787	4	4	0	0	0
35791	5	5	0	0	0
35794	5	5	0	0	0
35867	6	6	0	0	0
35871	4	4	0	0	0
35874	4	4	0	0	0
35879	4	4	0	0	0
35965	4	4	0	0	0
36001	6	6	0	0	0
36009	3	3	0	0	0
36011	3	3	0	0	0
36025	3	3	0	0	0
36029	3	3	0	0	0
36040	4	4	0	0	0
36042	4	4	0	0	0
36053	4	4	0	0	0
